Dates Flux Xpos Ypos
2456768.962217216 12295.14 11.173 455.815
2456768.982648807 12306.78 11.207 455.812
2456769.003080397 12115.09 11.209 455.821
2456769.023511988 12335.79 11.207 455.833
2456769.043943578 12302.42 11.219 455.817
2456769.064375169 12112.13 11.226 455.837
2456769.084806759 12348.55 11.236 455.846
2456769.105238449 12308.52 11.253 455.859
2456769.12567004 12071.93 11.26 455.867
2456769.14610153 12372.68 11.28 455.876
2456769.16653322 12260.82 11.279 455.888
2456769.18696471 12064.76 11.289 455.887
2456769.207396301 12385.12 11.289 455.893
2456769.227827991 12286.08 11.295 455.898
2456769.248259481 12047.57 11.293 455.896
2456769.268691071 12356.92 11.296 455.898
2456769.289122761 12242.0 11.313 455.91
2456769.309554251 12051.81 11.314 455.912
2456769.329985841 12341.3 11.323 455.932
2456769.350417531 12193.44 11.348 455.93
2456769.370849021 12086.15 11.36 455.954
2456769.391280711 12332.27 11.355 455.948
2456769.4117123 12163.16 11.356 455.955
2456769.43214379 12084.44 11.352 455.943
2456769.47300707 12119.01 11.291 455.908
2456769.493438659 12029.99 11.425 455.996
2456769.513870249 12373.15 11.407 456.023
2456769.534301839 12123.92 11.402 456.022
2456769.554733428 12030.05 11.414 456.024
2456769.575165118 12389.43 11.407 456.035
2456769.595596607 12131.1 11.438 456.039
2456769.616028297 12024.12 11.432 456.048
2456769.636459887 12372.94 11.434 456.052
2456769.656891376 12164.99 11.428 456.05
2456769.677323065 12036.69 11.435 456.062
2456769.697754655 12404.39 11.442 456.046
2456769.718186144 12143.23 11.445 456.052
2456769.738617833 12068.04 11.452 456.042
2456769.759049423 12432.17 11.472 456.07
2456769.779480912 12135.39 11.461 456.072
2456769.799912601 12074.72 11.46 456.061
2456769.82034419 12447.33 11.46 456.081
2456769.84077568 12138.89 11.479 456.072
2456769.861207369 12119.92 11.478 456.082
2456769.881638858 12458.12 11.477 456.084
2456769.902070547 12115.79 11.482 456.09
2456769.922502136 12083.69 11.475 456.086
2456769.942933625 12459.03 11.5 456.088
2456769.963365314 12081.61 11.502 456.099
2456769.983796903 12076.58 11.508 456.103
2456770.004228492 12473.62 11.514 456.108
2456770.024660081 12090.58 11.512 456.118
2456770.04509167 12091.4 11.524 456.125
2456770.065523259 12453.71 11.536 456.124
2456770.085954848 12114.92 11.551 456.144
2456770.106386437 12098.75 11.549 456.155
2456770.126818025 12462.14 11.564 456.168
2456770.147249714 12107.63 11.588 456.168
2456770.167681203 12123.05 11.605 456.181
2456770.188112892 12496.32 11.602 456.193
2456770.208544481 12095.72 11.61 456.203
2456770.228975969 12176.09 11.613 456.206
2456770.249407658 12546.72 11.631 456.215
2456770.269839247 12123.07 11.641 456.232
2456770.290270735 12203.89 11.637 456.247
2456770.310702424 12578.36 11.664 456.248
2456770.331134012 12162.2 11.685 456.249
2456770.351565501 12224.94 11.687 456.27
2456770.37199719 12620.08 11.694 456.273
2456770.392428778 12171.49 11.7 456.284
2456770.412860367 12187.19 11.704 456.294
2456770.433291955 12512.09 11.211 455.833
2456770.453723543 12090.59 11.147 455.781
2456770.474155232 12175.04 11.157 455.806
2456770.494586721 12527.79 11.171 455.812
2456770.515018309 12087.34 11.199 455.803
2456770.535449897 12178.78 11.213 455.821
2456770.555881485 12475.43 11.216 455.834
2456770.576313074 12075.93 11.238 455.832
2456770.596744662 12158.86 11.239 455.846
2456770.617176251 12514.38 11.237 455.847
2456770.637607839 12028.4 11.243 455.844
2456770.658039527 12193.05 11.251 455.859
2456770.678471015 12495.58 11.27 455.87
2456770.698902604 11980.54 11.264 455.864
2456770.719334292 12166.55 11.261 455.864
2456770.73976578 12469.61 11.269 455.865
2456770.760197468 12006.81 11.27 455.875
2456770.780629057 12118.29 11.268 455.868
2456770.801060544 12476.76 11.273 455.869
2456770.821492233 12023.72 11.268 455.871
2456770.841923821 12140.77 11.252 455.861
2456770.862355309 12498.73 11.274 455.869
2456770.882786997 12027.34 11.262 455.863
2456770.903218585 12173.31 11.256 455.872
2456770.923650073 12492.52 11.257 455.858
2456770.944081761 12041.45 11.254 455.851
2456770.964513349 12234.07 11.254 455.857
2456770.984944937 12435.56 11.25 455.858
2456771.005376525 12067.73 11.253 455.86
2456771.025808113 12200.91 11.254 455.861
2456771.046239801 12454.41 11.269 455.875
2456771.066671289 12048.83 11.286 455.883
2456771.087102877 12202.05 11.312 455.911
2456771.107534565 12452.34 11.339 455.938
2456771.127966153 12017.44 11.356 455.949
2456771.148397641 12213.4 11.377 455.966
2456771.168829329 12443.52 11.373 455.965
2456771.189260917 12024.56 11.372 455.962
2456771.209692405 12210.35 11.371 455.959
2456771.230124092 12421.43 11.363 455.955
2456771.25055558 12054.29 11.353 455.951
2456771.270987168 12204.21 11.333 455.925
2456771.291418856 12390.61 11.319 455.919
2456771.311850344 12032.13 11.31 455.912
2456771.332282031 12266.08 11.303 455.902
2456771.352713619 12354.63 11.308 455.903
2456771.373145107 12052.69 11.301 455.904
2456771.393576795 12264.48 11.289 455.889
2456771.434439871 11986.5 11.103 455.71
2456771.454871558 12223.97 11.121 455.75
2456771.475303146 12353.36 11.125 455.749
2456771.495734734 12052.42 11.114 455.767
2456771.516166321 12249.69 11.123 455.775
2456771.536597909 12335.06 11.14 455.788
2456771.557029497 12042.48 11.16 455.787
2456771.577461084 12244.81 11.156 455.799
2456771.597892672 12312.73 11.138 455.793
2456771.61832436 12071.06 11.138 455.795
2456771.638755947 12250.1 11.127 455.756
2456771.659187435 12297.5 11.126 455.765
2456771.679619123 12094.84 11.14 455.744
2456771.700050711 12328.0 11.119 455.742
2456771.720482198 12299.96 11.094 455.741
2456771.740913886 12076.36 11.087 455.73
2456771.761345474 12343.45 11.085 455.742
2456771.781776961 12297.85 11.085 455.716
2456771.802208649 12039.78 11.091 455.718
2456771.822640236 12387.26 11.077 455.72
2456771.843071724 12300.17 11.078 455.713
2456771.863503412 12060.41 11.079 455.719
2456771.883934999 12338.27 11.074 455.714
2456771.904366587 12262.03 11.078 455.696
2456771.924798174 12030.73 11.058 455.698
2456771.945229762 12287.04 11.061 455.695
2456771.96566135 12244.23 11.051 455.696
2456771.986092937 12034.17 11.05 455.693
2456772.006524525 12291.2 11.045 455.668
2456772.026956113 12162.18 11.036 455.677
2456772.0473877 12026.85 11.024 455.663
2456772.067819288 12239.95 11.016 455.655
2456772.088250875 12149.9 11.007 455.65
2456772.108682463 11985.91 11.008 455.637
2456772.129114151 12293.72 10.996 455.625
2456772.149545638 12103.64 10.981 455.625
2456772.169977226 11984.47 10.961 455.607
2456772.190408913 12300.64 10.938 455.577
2456772.210840501 12101.71 10.92 455.566
2456772.231271989 12020.55 10.897 455.541
2456772.251703676 12297.69 10.9 455.537
2456772.272135264 12123.51 10.903 455.53
2456772.292566751 12023.6 10.89 455.519
2456772.312998439 12317.37 10.869 455.514
2456772.333430026 12165.88 10.851 455.485
2456772.353861514 12067.55 10.829 455.481
2456772.374293202 12369.75 10.821 455.447
2456772.394724789 12124.11 11.299 455.92
2456772.415156477 12160.46 11.353 455.947
2456772.435587964 12398.25 11.336 455.934
2456772.456019552 12135.41 11.314 455.914
2456772.47645124 12161.9 11.284 455.884
2456772.496882727 12462.25 11.274 455.875
2456772.517314315 12120.07 11.256 455.878
2456772.537746002 12165.02 11.265 455.854
2456772.55817749 12487.23 11.256 455.858
2456772.578609078 12140.77 11.241 455.851
2456772.599040765 12164.57 11.23 455.841
2456772.619472253 12492.44 11.211 455.813
2456772.639903841 12110.86 11.177 455.804
2456772.660335529 12144.92 11.152 455.795
2456772.680767016 12451.4 11.113 455.747
2456772.701198704 12045.5 11.083 455.722
2456772.721630292 12118.49 11.067 455.7
2456772.742061779 12369.32 11.058 455.707
2456772.762493467 12046.34 11.043 455.668
2456772.782925054 12095.89 11.01 455.654
2456772.803356542 12358.21 10.993 455.638
2456772.82378823 12018.29 10.967 455.597
2456772.844219817 12073.82 10.942 455.576
2456772.864651305 12412.67 10.892 455.532
2456772.885082993 11982.37 10.86 455.492
2456772.905514581 12142.98 10.84 455.484
2456772.925946068 12412.69 10.832 455.466
2456772.946377756 11993.4 10.802 455.444
2456772.966809344 12081.05 10.761 455.419
2456772.987241032 12406.6 10.754 455.398
2456773.007672519 12026.46 10.719 455.369
2456773.028104107 12136.61 10.673 455.34
2456773.048535795 12491.2 10.627 455.306
2456773.068967283 12047.26 10.605 455.298
2456773.089398871 12161.72 10.586 455.287
2456773.109830559 12430.01 10.554 455.263
2456773.130262146 12013.77 11.246 455.884
2456773.150693634 12210.75 11.346 455.932
2456773.171125322 12434.13 11.302 455.903
2456773.19155691 12088.42 11.24 455.848
2456773.211988498 12270.41 11.216 455.821
2456773.232420086 12457.02 11.154 455.8
2456773.252851673 12074.85 11.129 455.762
2456773.273283261 12210.09 11.095 455.733
2456773.293714849 12424.43 11.068 455.704
2456773.314146437 11977.88 11.036 455.674
2456773.334578025 12164.79 10.985 455.623
2456773.355009613 12388.97 10.939 455.578
2456773.395872789 12209.49 11.077 455.736
2456773.416304377 12416.42 11.154 455.816
2456773.436735865 12018.22 11.138 455.763
2456773.457167553 12185.67 11.125 455.757
2456773.477599142 12377.51 11.076 455.719
2456773.49803083 11971.26 11.056 455.701
2456773.518462318 12178.45 11.021 455.683
2456773.538893905 12323.59 11.023 455.659
2456773.559325594 11968.68 11.006 455.634
2456773.579757082 12222.19 10.988 455.62
2456773.60018867 12261.59 10.952 455.568
2456773.620620358 11962.98 11.241 455.846
2456773.641051946 12334.52 11.516 456.121
2456773.661483434 12381.32 11.494 456.094
2456773.681915123 12015.37 11.472 456.098
2456773.702346711 12308.07 11.471 456.069
2456773.722778199 12363.5 11.441 456.045
2456773.743209887 11977.49 11.404 456.021
2456773.763641476 12312.17 11.404 456.024
2456773.784073064 12328.24 11.394 455.998
2456773.804504653 12009.49 11.388 455.959
2456773.824936241 12301.76 11.349 455.944
2456773.845367929 12351.66 11.316 455.91
2456773.865799418 12049.61 11.278 455.879
2456773.886231006 12308.84 11.255 455.856
2456773.906662694 12364.71 11.247 455.831
2456773.927094183 12057.58 11.188 455.837
2456773.947525771 12322.85 11.172 455.804
2456773.96795746 12348.57 11.142 455.789
2456773.988388948 12029.51 11.085 455.733
2456774.008820637 12301.08 11.074 455.689
2456774.029252125 12219.19 11.051 455.674
2456774.049683714 11946.68 11.014 455.643
2456774.070115402 12338.69 10.965 455.608
2456774.090546891 12170.0 10.931 455.566
2456774.110978479 11944.08 11.544 456.13
2456774.131410168 12376.15 11.588 456.183
2456774.151841657 12326.65 11.556 456.162
2456774.172273246 12013.68 11.537 456.139
2456774.192704934 12363.01 11.516 456.101
2456774.213136523 12254.37 11.47 456.065
2456774.233568012 11996.04 11.417 456.027
2456774.253999701 12316.26 11.407 456.008
2456774.27443129 12217.95 11.374 455.969
2456774.294862878 12029.58 11.354 455.94
2456774.315294467 12366.0 11.308 455.897
2456774.335726056 12244.45 11.25 455.853
2456774.356157745 12080.34 11.211 455.816
2456774.376589234 12434.61 11.171 455.8
2456774.397020823 12241.17 11.134 455.767
2456774.417452512 12067.95 11.084 455.73
2456774.437884001 12391.08 11.029 455.65
2456774.45831559 12138.66 10.98 455.616
2456774.478747279 12008.34 10.936 455.585
2456774.499178768 12408.75 10.911 455.549
2456774.519610457 12181.17 10.88 455.497
2456774.540042046 12002.43 10.816 455.447
2456774.560473535 12472.94 10.761 455.406
2456774.580905225 12186.04 10.723 455.374
2456774.601336814 12041.94 11.067 455.732
2456774.621768303 12448.18 11.06 455.695
2456774.642199992 12140.77 11.004 455.635
2456774.662631582 12016.01 10.95 455.589
2456774.683063171 12418.98 10.903 455.539
2456774.70349476 12120.38 10.852 455.491
2456774.72392635 12062.05 10.811 455.445
2456774.744357839 12446.36 10.746 455.398
2456774.764789529 12106.19 10.68 455.339
2456774.785221118 12066.76 10.641 455.312
2456774.805652708 12473.49 10.586 455.285
2456774.826084297 12120.23 10.523 455.249
2456774.846515887 12002.62 11.114 455.747
2456774.866947576 12579.99 11.144 455.782
2456774.887379066 12077.83 11.077 455.716
2456774.907810656 11986.28 11.023 455.661
2456774.928242345 12431.34 10.969 455.598
2456774.948673835 12074.33 10.882 455.513
2456774.969105425 11979.03 10.838 455.472
2456774.989537115 12421.58 10.787 455.424
2456775.009968604 12080.59 10.734 455.378
2456775.030400294 12029.94 10.648 455.325
2456775.050831884 12453.33 10.58 455.283
2456775.071263374 12115.49 10.525 455.244
2456775.091695064 12001.63 11.068 455.722
2456775.112126654 12452.62 11.075 455.702
2456775.132558144 12063.06 11.002 455.632
2456775.152989834 12020.57 10.929 455.57
2456775.173421424 12469.27 10.87 455.496
2456775.193853015 12042.37 10.805 455.436
2456775.214284604 12044.21 10.708 455.362
2456775.234716195 12575.85 10.641 455.315
2456775.255147885 12059.27 10.574 455.276
2456775.275579375 12098.84 10.509 455.238
2456775.296010965 12486.28 10.421 455.207
2456775.316442656 12102.15 10.363 455.171
2456775.357305737 12462.06 11.103 455.709
2456775.377737427 12095.99 11.11 455.732
2456775.398168918 12061.54 11.07 455.709
2456775.418600508 12423.21 11.052 455.689
2456775.439032199 12063.46 11.026 455.659
2456775.459463689 12033.31 11.005 455.637
2456775.47989528 12453.07 10.96 455.593
2456775.500326971 12000.71 10.916 455.562
2456775.520758461 12071.56 10.892 455.537
2456775.541190152 12449.94 10.859 455.5
2456775.561621743 11999.43 10.82 455.446
2456775.582053234 12072.49 11.303 455.911
2456775.602484925 12444.94 11.354 455.924
2456775.622916515 12063.04 11.322 455.9
2456775.643348007 12125.04 11.244 455.85
2456775.663779697 12496.46 11.21 455.816
2456775.684211289 12092.29 11.159 455.806
2456775.70464288 12107.26 11.158 455.802
2456775.725074471 12485.26 11.126 455.725
2456775.745506062 12024.26 11.082 455.712
2456775.765937753 12117.98 11.059 455.685
2456775.786369244 12410.76 11.018 455.658
2456775.806800836 12036.68 10.993 455.614
2456775.827232527 12102.68 10.954 455.573
2456775.847664118 12377.17 10.926 455.566
2456775.86809561 12067.87 10.888 455.513
2456775.888527301 12125.39 10.841 455.475
2456775.908958893 12457.04 10.803 455.452
2456775.929390384 12029.22 10.78 455.42
2456775.949822076 12178.08 10.733 455.38
2456775.970253667 12491.24 10.661 455.346
2456775.990685359 12049.61 10.618 455.313
2456776.011116851 12160.13 10.587 455.279
2456776.031548442 12611.03 10.556 455.253
2456776.051980034 12073.62 10.486 455.227
2456776.072411626 12085.56 10.986 455.643
2456776.092843218 12365.64 11.03 455.661
2456776.11327481 12026.01 10.987 455.618
2456776.133706402 12105.06 10.919 455.548
2456776.154137894 12360.04 10.851 455.49
2456776.174569586 12023.28 10.806 455.451
2456776.195001178 12153.6 10.777 455.411
2456776.21543277 12317.19 10.725 455.355
2456776.235864362 12044.16 10.675 455.331
2456776.256295955 12198.2 10.622 455.309
2456776.276727647 12289.05 10.581 455.284
2456776.297159139 12032.94 10.516 455.241
2456776.317590732 12049.26 11.307 455.923
2456776.338022424 12346.5 11.413 456.012
2456776.358454017 12050.68 11.374 455.961
2456776.378885509 12206.22 11.301 455.901
2456776.399317202 12384.86 11.271 455.863
2456776.419748794 12081.52 11.225 455.826
2456776.440180287 12274.35 11.167 455.795
2456776.46061198 12334.35 11.102 455.735
2456776.481043573 12107.29 11.071 455.688
2456776.501475265 12187.39 11.026 455.65
2456776.521906758 12280.39 10.975 455.617
2456776.542338351 12081.37 10.917 455.536
2456776.562770044 12224.31 10.873 455.494
2456776.583201537 12271.26 10.819 455.454
2456776.60363313 12079.36 10.77 455.406
2456776.624064824 12288.46 10.692 455.347
2456776.644496317 12296.98 10.639 455.317
2456776.66492791 12090.46 10.594 455.281
2456776.685359603 12288.19 10.531 455.248
2456776.705791097 12270.81 10.468 455.222
2456776.72622279 12040.87 10.418 455.201
2456776.746654383 12275.56 10.367 455.178
2456776.767085877 12225.73 10.288 455.127
2456776.78751757 12088.23 10.228 455.1
2456776.807949064 12230.32 10.871 455.536
2456776.828380657 12233.02 10.914 455.542
2456776.848812351 12026.38 10.839 455.467
2456776.869243845 12286.95 10.785 455.419
2456776.889675439 12224.96 10.73 455.369
2456776.910107133 12087.83 10.651 455.323
2456776.930538727 12300.4 10.59 455.286
2456776.950970221 12189.1 10.552 455.254
2456776.971401914 12108.77 10.494 455.233
2456776.991833509 12306.22 10.41 455.203
2456777.012265103 12135.8 10.358 455.168
2456777.032696697 12068.53 10.289 455.142
2456777.053128291 12265.36 11.139 455.782
2456777.073559985 12194.0 11.266 455.863
2456777.09399148 12114.82 11.206 455.814
2456777.114423074 12388.43 11.148 455.771
2456777.134854769 12166.62 11.077 455.695
2456777.155286264 12047.21 11.02 455.642
2456777.175717858 12279.17 10.972 455.596
2456777.196149553 12180.75 10.9 455.522
2456777.216581048 12038.71 10.832 455.458
2456777.237012742 12309.68 10.78 455.423
2456777.257444337 12190.52 10.735 455.369
2456777.277875832 12121.07 10.644 455.319
2456777.318739122 12184.63 11.306 455.904
2456777.339170717 12166.55 11.277 455.881
2456777.359602312 12330.82 11.239 455.856
2456777.380033907 12189.54 11.225 455.819
2456777.400465502 12165.0 11.2 455.793
2456777.420897098 12381.42 11.15 455.754
2456777.441328693 12175.95 11.109 455.728
2456777.461760289 12103.93 11.08 455.692
2456777.482191884 12343.6 11.035 455.661
2456777.50262348 12107.19 10.983 455.615
2456777.523055075 12068.07 10.95 455.591
2456777.543486671 12263.34 11.276 455.868
2456777.563918266 12180.79 11.394 455.976
2456777.584349962 12071.24 11.358 455.935
2456777.604781458 12302.02 11.319 455.911
2456777.625213054 12220.23 11.245 455.858
2456777.64564475 12154.24 11.222 455.808
2456777.666076246 12325.75 11.179 455.784
2456777.686507942 12158.63 11.117 455.741
2456777.706939538 12126.98 11.066 455.691
2456777.727371035 12259.49 11.022 455.646
2456777.747802731 12053.78 10.997 455.616
2456777.768234327 12142.02 10.929 455.543
2456777.788665824 12276.82 11.302 455.914
2456777.80909752 12085.5 11.326 455.912
2456777.829529117 12193.46 11.265 455.878
2456777.849960614 12359.25 11.224 455.818
2456777.87039231 12144.83 11.181 455.783
2456777.890823907 12194.54 11.135 455.739
2456777.911255504 12365.45 11.06 455.686
2456777.931687101 12085.32 11.015 455.629
2456777.952118698 12133.39 10.983 455.605
2456777.972550394 12300.28 10.91 455.534
2456777.992981992 12112.11 10.86 455.49
2456778.013413489 12167.22 10.813 455.45
2456778.033845186 12285.58 11.16 455.759
2456778.054276783 12220.14 11.172 455.792
2456778.074708281 12224.26 11.13 455.743
2456778.095139978 12280.28 11.09 455.714
2456778.115571576 12100.89 11.02 455.648
2456778.136003073 12182.15 10.989 455.603
2456778.156434771 12225.74 10.946 455.566
2456778.176866268 12040.67 10.877 455.487
2456778.197297966 12231.75 10.827 455.459
2456778.217729564 12258.29 10.779 455.411
2456778.238161062 12069.38 10.711 455.348
2456778.25859276 12227.25 10.664 455.323
2456778.279024358 12304.84 11.145 455.773
2456778.299455856 12165.69 11.157 455.769
2456778.319887554 12182.25 11.1 455.718
2456778.340319152 12281.35 11.045 455.667
2456778.360750651 12078.98 10.985 455.612
2456778.381182349 12217.08 10.929 455.545
2456778.401613947 12223.47 10.888 455.494
2456778.422045646 12102.57 10.825 455.447
2456778.442477145 12273.56 10.744 455.381
2456778.462908743 12198.33 10.713 455.357
2456778.483340442 12186.56 10.643 455.311
2456778.503771941 12309.42 10.572 455.265
2456778.52420354 12222.63 11.233 455.848
2456778.544635239 12121.58 11.309 455.894
2456778.565066838 12313.88 11.227 455.815
2456778.585498337 12269.31 11.155 455.78
2456778.605930036 12081.07 11.117 455.729
2456778.626361636 12310.82 11.033 455.64
2456778.646793235 12170.42 10.972 455.599
2456778.667224834 12066.33 10.933 455.551
2456778.687656434 12290.15 10.849 455.461
2456778.708088133 12207.06 10.795 455.421
2456778.728519633 12112.98 10.75 455.379
2456778.748951233 12301.84 10.662 455.32
2456778.769382932 12196.67 11.307 455.917
2456778.789814432 12120.11 11.379 455.947
2456778.810246032 12343.94 11.292 455.877
2456778.830677632 12202.13 11.24 455.828
2456778.851109232 12139.51 11.18 455.793
2456778.871540932 12389.24 11.092 455.706
2456778.891972432 12127.63 11.047 455.659
2456778.912404033 12065.01 10.987 455.599
2456778.932835733 12367.44 10.913 455.528
2456778.953267234 12123.15 10.859 455.469
2456778.973698834 12085.32 10.802 455.424
2456778.994130535 12347.97 10.725 455.355
2456779.014562035 11998.28 11.407 455.999
2456779.034993636 12116.9 11.519 456.119
2456779.055425337 12357.36 11.455 456.049
2456779.075856938 12146.88 11.413 455.991
2456779.096288539 12117.59 11.364 455.941
2456779.11672014 12394.69 11.277 455.86
2456779.137151741 12164.35 11.224 455.812
2456779.157583343 12152.81 11.152 455.756
2456779.178014944 12352.17 11.06 455.676
2456779.198446545 12091.25 11.016 455.618
2456779.218878247 12042.35 10.942 455.561
2456779.239309749 12354.58 10.869 455.474
2456779.280173052 12107.6 11.462 456.032
2456779.300604554 12387.83 11.429 456.028
2456779.321036255 12072.69 11.409 456.002
2456779.341467858 12090.89 11.388 455.967
2456779.36189936 12408.16 11.358 455.93
2456779.382331062 12132.71 11.329 455.889
2456779.402762664 12114.5 11.275 455.861
2456779.423194166 12453.58 11.234 455.829
2456779.443625869 12149.86 11.195 455.821
2456779.464057471 12179.25 11.156 455.762
2456779.484488974 12443.39 11.134 455.736
2456779.504920675 12126.56 11.113 455.71
2456779.525352178 12132.29 11.079 455.656
2456779.545783881 12419.23 11.026 455.642
2456779.566215484 12054.8 11.003 455.602
2456779.586647087 12112.62 10.942 455.572
2456779.60707869 12365.11 10.914 455.54
2456779.627510293 12086.19 10.89 455.478
2456779.647941897 12125.05 10.829 455.447
2456779.6683735 12389.38 10.799 455.417
2456779.688805103 12076.96 10.746 455.387
2456779.709236707 12135.61 10.703 455.345
2456779.72966831 12438.26 10.709 455.327
2456779.750099914 12098.37 11.152 455.76
2456779.770531618 12160.38 11.164 455.774
2456779.790963222 12462.17 11.139 455.74
2456779.811394725 12065.94 11.091 455.702
2456779.831826429 12106.11 11.068 455.658
2456779.852258034 12407.7 11.026 455.63
2456779.872689538 12040.15 10.978 455.583
2456779.893121242 12121.11 10.924 455.548
2456779.913552846 12380.6 10.898 455.519
2456779.933984351 12036.33 10.847 455.458
2456779.954416056 12129.71 10.845 455.427
2456779.97484766 12428.59 10.79 455.399
2456779.995279365 12005.43 11.337 455.936
2456780.01571087 12163.66 11.395 455.967
2456780.036142475 12427.47 11.381 455.95
2456780.05657418 12073.37 11.327 455.892
2456780.077005685 12182.11 11.282 455.874
2456780.09743729 12476.38 11.254 455.831
2456780.117868895 12082.12 11.207 455.764
2456780.1383005 12231.28 11.158 455.755
2456780.158732106 12432.09 11.114 455.716
2456780.179163811 12047.19 11.051 455.65
2456780.199595317 12154.44 11.013 455.616
2456780.220027023 12368.19 10.976 455.57
2456780.240458629 12034.5 11.052 455.653
2456780.260890135 12150.91 11.047 455.648
2456780.28132184 12364.52 10.979 455.59
2456780.301753446 12038.7 10.932 455.54
2456780.322184953 12178.2 10.888 455.49
2456780.342616659 12357.2 10.823 455.431
2456780.363048265 12037.04 10.78 455.397
2456780.383479772 12242.29 10.741 455.36
2456780.403911478 12371.06 10.665 455.311
2456780.424343085 12051.84 10.62 455.293
2456780.444774792 12210.6 10.577 455.271
2456780.465206299 12331.03 10.524 455.229
2456780.485637906 11996.21 11.024 455.626
2456780.506069613 12168.77 11.036 455.626
2456780.52650112 12302.46 10.963 455.562
2456780.546932727 12089.28 10.906 455.515
2456780.567364434 12167.06 10.828 455.44
2456780.587795942 12329.27 10.77 455.385
2456780.608227549 12080.06 10.732 455.36
2456780.628659257 12255.9 10.675 455.313
2456780.649090765 12297.76 10.612 455.291
2456780.669522472 12118.28 10.572 455.257
2456780.68995408 12225.41 10.509 455.22
2456780.710385688 12258.56 10.452 455.21
2456780.730817297 12106.89 11.121 455.736
2456780.751248905 12292.33 11.148 455.744
2456780.771680513 12300.66 11.093 455.698
2456780.792112121 12046.0 11.032 455.631
2456780.81254373 12282.97 10.981 455.571
2456780.832975338 12272.79 10.931 455.531
2456780.853406947 12054.25 10.856 455.471
2456780.873838556 12290.1 10.819 455.416
2456780.894270164 12282.1 10.756 455.376
2456780.914701774 12106.11 10.684 455.323
2456780.935133383 12258.79 10.637 455.288
2456780.955565092 12261.41 10.562 455.258
2456780.975996601 12016.08 11.324 455.919
2456780.99642821 12274.95 11.41 455.977
2456781.01685992 12260.78 11.334 455.906
2456781.037291429 12137.1 11.287 455.849
2456781.057723039 12340.28 11.241 455.807
2456781.078154749 12241.36 11.158 455.758
2456781.098586259 12124.85 11.121 455.714
2456781.119017969 12313.03 11.066 455.67
2456781.139449579 12163.99 11.018 455.605
2456781.159881089 12052.79 10.971 455.571
2456781.180312799 12320.21 10.905 455.505
2456781.20074441 12178.17 10.854 455.449
2456781.241607631 12370.58 11.163 455.713
2456781.262039242 12247.26 11.167 455.749
2456781.282470853 12089.49 11.132 455.725
2456781.302902463 12361.77 11.102 455.702
2456781.323334075 12157.22 11.09 455.686
2456781.343765785 12101.04 11.056 455.648
2456781.364197297 12301.24 11.027 455.616
2456781.384628908 12141.86 11.004 455.598
2456781.40506062 12098.93 10.953 455.56
2456781.425492231 12304.99 10.916 455.537
2456781.445923743 12168.46 10.899 455.49
2456781.466355455 12111.03 11.254 455.841
2456781.486786966 12391.87 11.308 455.862
2456781.507218678 12158.83 11.275 455.808
2456781.52765029 12130.88 11.204 455.797
2456781.548081902 12434.94 11.177 455.774
2456781.568513515 12163.85 11.127 455.726
2456781.588945127 12097.77 11.094 455.7
2456781.60937664 12363.22 11.078 455.667
2456781.629808352 12128.99 11.049 455.633
2456781.650239965 12037.95 11.021 455.609
2456781.670671478 12320.41 10.972 455.569
2456781.691103191 12120.48 10.93 455.539
2456781.711534804 12099.93 11.107 455.688
2456781.731966517 12343.1 11.081 455.658
2456781.75239803 12104.33 11.029 455.613
2456781.772829643 12126.61 10.997 455.582
2456781.793261357 12326.42 10.938 455.536
2456781.813692871 12082.22 10.91 455.513
2456781.834124484 12169.85 10.886 455.473
2456781.854556198 12351.72 10.825 455.429
2456781.874987712 12089.55 10.796 455.405
2456781.895419326 12179.42 10.738 455.367
2456781.91585104 12392.06 10.7 455.33
2456781.936282654 12110.6 10.679 455.303
2456781.956714269 12119.25 11.084 455.662
2456781.977145883 12400.63 11.093 455.681
2456781.997577498 12046.04 11.044 455.633
2456782.018009113 12136.02 10.979 455.578
2456782.038440727 12319.83 10.95 455.547
2456782.058872342 12065.92 10.886 455.48
2456782.079304057 12134.79 10.823 455.435
2456782.099735572 12334.5 10.774 455.393
2456782.120167187 12122.31 10.71 455.316
2456782.140598903 12185.2 10.653 455.295
2456782.161030419 12368.88 10.592 455.257
2456782.181462134 12082.98 10.518 455.233
2456782.20189375 12169.92 10.991 455.61
2456782.222325265 12293.14 11.018 455.592
2456782.242756981 12034.66 10.956 455.546
2456782.263188498 12239.75 10.904 455.494
2456782.283620114 12351.57 10.835 455.439
2456782.30405183 12044.79 10.785 455.395
2456782.324483347 12260.33 10.728 455.342
2456782.344915063 12381.19 10.648 455.296
2456782.365346679 12065.53 10.599 455.274
2456782.385778196 12222.11 10.548 455.232
2456782.406209913 12349.26 10.483 455.21
2456782.42664153 12098.12 10.43 455.193
2456782.447073147 12179.29 10.854 455.471
2456782.467504764 12322.42 10.898 455.49
2456782.487936382 12062.14 10.84 455.429
2456782.508367999 12261.58 10.764 455.369
2456782.528799617 12330.39 10.71 455.333
2456782.549231234 12113.82 10.651 455.305
2456782.569662952 12289.61 10.583 455.255
2456782.59009457 12278.32 10.531 455.234
2456782.610526088 12084.28 10.463 455.203
2456782.630957806 12280.27 10.421 455.186
2456782.651389425 12197.83 10.349 455.149
2456782.671820943 12024.08 10.28 455.115
2456782.692252662 12034.89 11.388 455.979
2456782.71268428 12297.35 11.536 456.102
2456782.733115799 12049.34 11.478 456.056
2456782.753547518 12275.51 11.431 456.012
2456782.773979137 12306.35 11.38 455.932
2456782.794410856 12035.14 11.33 455.88
2456782.814842375 12360.86 11.271 455.832
2456782.835273995 12281.39 11.193 455.783
2456782.855705714 12091.42 11.144 455.731
2456782.876137233 12316.54 11.077 455.66
2456782.896568753 12204.47 11.025 455.601
2456782.917000473 12043.32 10.951 455.542
2456782.937432093 12161.99 11.39 455.961
2456782.957863713 12290.1 11.571 456.139
2456782.978295333 12071.17 11.503 456.076
2456782.998726954 12346.87 11.439 456.023
2456783.019158674 12196.62 11.39 455.962
2456783.039590195 12094.63 11.313 455.873
2456783.060021815 12440.14 11.258 455.818
2456783.080453536 12287.55 11.164 455.746
2456783.100885157 12029.14 11.09 455.668
2456783.121316678 12371.02 11.027 455.608
2456783.141748399 12204.03 10.935 455.525
2456783.162180021 12010.13 10.868 455.458
2456783.203043264 12215.33 11.09 455.674
2456783.223474885 12030.48 11.093 455.681
2456783.243906607 12411.76 11.048 455.647
2456783.264338129 12138.98 11.001 455.614
2456783.284769751 12052.56 11.006 455.583
2456783.305201474 12375.33 10.963 455.54
2456783.325632996 12137.17 10.957 455.511
2456783.346064618 12046.0 10.913 455.485
2456783.366496341 12410.67 10.853 455.444
2456783.386927864 12115.41 10.819 455.424
2456783.407359586 12051.05 10.764 455.377
2456783.427791209 12405.21 11.052 455.634
2456783.448222732 12105.98 11.07 455.649
2456783.468654456 11962.13 11.016 455.595
2456783.489086079 12484.85 10.986 455.567
2456783.509517603 12055.51 10.924 455.524
2456783.529949326 12011.14 10.882 455.492
2456783.55038085 12424.33 10.873 455.46
2456783.570812574 12099.28 10.806 455.395
2456783.591244197 12030.93 10.786 455.368
2456783.611675722 12426.14 10.721 455.333
2456783.632107446 12171.36 10.665 455.297
2456783.65253907 12019.02 10.617 455.278
2456783.672970695 12416.34 11.309 455.889
2456783.693402319 12114.17 11.388 455.981
2456783.713833944 12065.67 11.389 455.93
2456783.734265569 12535.34 11.331 455.871
2456783.754697194 12095.17 11.288 455.842
2456783.775128819 12129.37 11.235 455.785
2456783.795560544 12579.32 11.167 455.753
2456783.81599217 12095.04 11.131 455.718
2456783.836423696 12091.03 11.078 455.646
2456783.856855421 12520.67 11.039 455.602
2456783.877287047 12043.16 10.978 455.569
2456783.897718573 12036.53 10.923 455.512
2456783.918150299 12467.92 11.431 456.004
2456783.938581925 12081.1 11.439 456.017
2456783.959013452 12062.42 11.416 455.979
2456783.979445178 12548.3 11.369 455.919
2456783.999876805 12092.96 11.305 455.871
2456784.020308531 12108.67 11.247 455.812
2456784.040740058 12545.93 11.19 455.774
2456784.061171685 12064.52 11.161 455.714
2456784.081603413 12095.57 11.116 455.684
2456784.10203494 12472.46 11.049 455.629
2456784.122466567 12006.96 10.999 455.587
2456784.142898295 12031.03 10.952 455.535
2456784.163329822 12472.02 11.402 455.969
2456784.18376145 11959.03 11.428 455.997
2456784.204193078 12079.31 11.369 455.931
2456784.224624706 12525.67 11.322 455.873
2456784.245056435 12014.68 11.285 455.82
2456784.265487963 12121.69 11.216 455.771
2456784.285919591 12580.14 11.155 455.732
2456784.30635132 12017.19 11.089 455.672
2456784.326782949 12033.26 11.03 455.618
2456784.347214478 12482.99 10.997 455.567
2456784.367646207 11995.61 10.92 455.498
2456784.388077836 12117.72 10.875 455.458
2456784.408509465 12468.65 11.35 455.926
2456784.428941095 12038.23 11.381 455.928
2456784.449372725 12152.26 11.33 455.878
2456784.469804454 12557.83 11.26 455.815
2456784.490235984 12094.8 11.19 455.778
2456784.510667614 12164.4 11.143 455.713
2456784.531099344 12546.03 11.076 455.653
2456784.551530875 11990.93 11.021 455.599
2456784.571962505 12104.29 10.953 455.555
2456784.592394236 12536.82 10.903 455.484
2456784.612825767 11995.82 10.861 455.441
2456784.633257497 12130.65 10.784 455.381
2456784.653689128 12552.33 11.2 455.78
2456784.674120659 12047.8 11.22 455.773
2456784.694552391 12190.0 11.143 455.725
2456784.714984022 12484.52 11.081 455.665
2456784.735415654 11985.8 11.018 455.587
2456784.755847286 12145.0 10.953 455.539
2456784.776278917 12414.24 10.887 455.468
2456784.796710549 11994.17 10.818 455.416
2456784.817142182 12157.25 10.767 455.369
2456784.837573814 12495.89 10.683 455.305
2456784.858005446 11968.76 10.614 455.266
2456784.878437079 12234.48 10.528 455.229
2456784.898868712 12420.87 11.267 455.851
2456784.919300344 11979.48 11.327 455.883
2456784.939731977 12233.95 11.255 455.811
2456784.960163611 12509.91 11.176 455.75
2456784.980595344 11957.99 11.114 455.694
2456785.001026877 12200.48 11.036 455.616
2456785.021458611 12424.2 10.995 455.568
2456785.041890244 11944.05 10.907 455.491
2456785.062321778 12184.7 10.839 455.432
2456785.082753513 12433.71 10.777 455.373
2456785.103185147 12015.96 10.697 455.324
2456785.123616681 12220.97 10.636 455.282
2456785.16448005 11943.74 11.212 455.817
2456785.184911585 12265.38 11.335 455.896
2456785.20534332 12466.21 11.304 455.84
2456785.225774955 12008.94 11.257 455.828
2456785.24620669 12362.97 11.213 455.767
2456785.266638225 12448.33 11.166 455.725
2456785.287069861 12017.48 11.097 455.684
2456785.307501596 12281.56 11.052 455.624
2456785.327933132 12426.64 11.01 455.601
2456785.348364768 11930.08 10.962 455.546
2456785.368796504 12286.5 10.917 455.495
2456785.38922804 12376.5 11.382 455.952
2456785.409659677 11968.98 11.393 455.948
2456785.430091413 12285.35 11.342 455.911
2456785.45052305 12417.59 11.283 455.835
2456785.470954687 11983.56 11.252 455.807
2456785.491386324 12336.56 11.209 455.755
2456785.511817961 12386.26 11.123 455.693
2456785.532249598 11951.96 11.082 455.65
2456785.552681236 12272.12 10.999 455.574
2456785.573112773 12279.81 10.954 455.537
2456785.593544511 11950.48 10.898 455.492
2456785.613976149 12300.31 10.827 455.421
2456785.634407787 12281.9 11.197 455.773
2456785.654839425 11986.76 11.243 455.773
2456785.675271064 12437.65 11.164 455.743
2456785.695702802 12325.37 11.124 455.696
2456785.716134341 11921.77 11.048 455.633
2456785.736565979 12333.58 11.019 455.585
2456785.756997718 12285.37 10.97 455.544
2456785.777429258 11940.93 10.898 455.486
2456785.797860897 12328.1 10.84 455.436
2456785.818292636 12352.21 10.781 455.379
2456785.838724175 11976.69 10.742 455.352
2456785.859155915 12373.36 10.7 455.315
2456785.879587555 12275.79 11.33 455.891
2456785.900019095 11991.6 11.378 455.931
2456785.920450835 12449.85 11.295 455.845
2456785.940882476 12302.91 11.233 455.804
2456785.961314116 12082.78 11.164 455.719
2456785.981745757 12379.05 11.111 455.671
2456786.002177398 12248.36 11.073 455.637
2456786.022609039 11961.06 10.981 455.559
2456786.04304068 12388.99 10.932 455.529
2456786.063472321 12221.46 10.896 455.477
2456786.083904062 11959.61 10.848 455.43
2456786.104335704 12434.94 10.791 455.391
2456786.124767246 12152.07 11.411 455.982
2456786.145198988 11978.86 11.44 456.01
2456786.16563063 12355.75 11.394 455.941
2456786.186062172 12267.04 11.311 455.858
2456786.206493914 12010.73 11.257 455.797
2456786.226925457 12407.11 11.16 455.738
2456786.247357199 12267.24 11.086 455.669
2456786.267788842 11978.55 11.027 455.603
2456786.288220386 12318.93 10.957 455.529
2456786.308652129 12227.71 10.906 455.486
2456786.329083772 11974.69 10.837 455.427
2456786.349515315 12416.86 10.793 455.391
2456786.369947059 12178.29 11.145 455.717
2456786.390378703 12043.14 11.127 455.702
2456786.410810247 12459.51 11.08 455.648
2456786.431241991 12145.2 10.992 455.568
2456786.451673635 12003.72 10.907 455.5
2456786.47210538 12440.58 10.85 455.424
2456786.492536924 12212.37 10.745 455.361
2456786.512968569 12010.42 10.689 455.302
2456786.533400314 12492.14 10.599 455.263
2456786.553831859 12216.99 10.523 455.211
2456786.574263504 12008.08 10.448 455.191
2456786.59469525 12424.16 10.363 455.151
2456786.615126895 12138.9 10.97 455.569
2456786.635558541 12001.64 10.979 455.554
2456786.655990187 12390.16 10.905 455.491
2456786.676421833 12205.98 10.832 455.416
2456786.696853479 12068.03 10.753 455.349
2456786.717285126 12419.83 10.683 455.31
2456786.737716772 12179.78 10.598 455.26
2456786.758148519 12074.49 10.55 455.221
2456786.778580065 12412.98 10.484 455.212
2456786.799011712 12110.86 10.425 455.173
2456786.81944336 12020.69 10.367 455.153
2456786.839875007 12387.55 10.293 455.115
2456786.860306755 11830.4 10.863 455.489
2456786.880738303 12018.88 11.014 455.592
2456786.90116995 12351.32 10.959 455.532
2456786.921601698 12092.44 10.885 455.455
2456786.942033247 12023.42 10.802 455.399
2456786.962464895 12369.3 10.74 455.342
2456786.982896643 12174.57 10.664 455.292
2456787.003328192 12062.0 10.571 455.238
2456787.023759841 12351.01 10.499 455.209
2456787.04419159 12124.06 10.413 455.174
2456787.064623139 12068.73 10.347 455.142
2456787.085054888 12306.73 10.268 455.096
2456787.125918188 12151.71 11.38 455.921
2456787.146349838 12372.81 11.337 455.894
2456787.166781487 12114.71 11.307 455.877
2456787.187213138 12187.11 11.283 455.834
2456787.207644788 12436.14 11.237 455.788
2456787.228076438 12148.92 11.228 455.758
2456787.248508189 12199.07 11.165 455.712
2456787.26893974 12409.65 11.129 455.663
2456787.289371391 12098.4 11.066 455.635
2456787.309803143 12134.87 11.019 455.593
2456787.330234794 12353.36 10.991 455.558
2456787.350666346 12153.91 11.21 455.786
2456787.371098097 12198.44 11.248 455.794
2456787.391529749 12410.33 11.195 455.773
2456787.411961301 12164.59 11.147 455.714
2456787.432393053 12188.51 11.097 455.67
2456787.452824706 12303.24 11.032 455.619
2456787.473256358 12082.33 11.018 455.579
2456787.493688011 12192.06 10.971 455.54
2456787.514119664 12298.61 10.924 455.501
2456787.534551417 12051.46 10.902 455.464
2456787.55498297 12201.79 10.829 455.405
2456787.575414624 12300.66 10.788 455.38
2456787.595846277 12003.92 11.034 455.607
2456787.616277931 12182.73 11.018 455.591
2456787.636709685 12253.37 10.975 455.566
2456787.657141239 12008.44 10.934 455.494
2456787.677572893 12185.79 10.883 455.457
2456787.698004648 12272.2 10.827 455.41
2456787.718436203 12077.04 10.771 455.37
2456787.738867857 12229.45 10.726 455.341
2456787.759299613 12299.36 10.679 455.287
2456787.779731167 12097.58 10.627 455.264
2456787.800162823 12247.43 10.552 455.23
2456787.820594579 12227.68 10.495 455.206
2456787.841026234 11969.03 11.004 455.593
2456787.86145789 12253.15 11.028 455.603
2456787.881889546 12201.64 10.99 455.558
2456787.902321202 12017.4 10.933 455.505
2456787.922752859 12310.02 10.875 455.447
2456787.943184515 12259.97 10.821 455.415
2456787.963616172 12045.71 10.757 455.36
2456787.984047929 12356.06 10.715 455.337
2456788.004479486 12303.71 10.652 455.276
2456788.024911143 12040.67 10.604 455.242
2456788.045342901 12368.82 10.528 455.216
2456788.065774458 12294.66 10.46 455.197
2456788.086206216 12062.32 11.164 455.752
2456788.106637874 12430.01 11.245 455.787
2456788.127069432 12319.52 11.176 455.745
2456788.147501191 12104.17 11.113 455.695
2456788.167932849 12326.13 11.051 455.622
2456788.188364408 12171.21 11.012 455.573
2456788.208796167 12052.82 10.942 455.498
2456788.229227726 12305.37 10.881 455.453
2456788.249659485 12181.41 10.819 455.402
2456788.270091145 12060.83 10.752 455.353
2456788.290522704 12358.03 10.7 455.317
2456788.310954464 12179.1 10.633 455.267
2456788.331386124 11984.14 10.924 455.5
2456788.351817784 12327.58 10.905 455.485
2456788.372249444 12115.94 10.844 455.424
2456788.392681105 12058.59 10.786 455.379
2456788.413112766 12345.17 10.719 455.318
2456788.433544427 12183.95 10.662 455.29
2456788.453976088 12027.33 10.61 455.263
2456788.474407849 12331.13 10.54 455.224
2456788.49483951 12221.02 10.495 455.2
2456788.515271072 12048.81 10.416 455.176
2456788.535702834 12351.7 10.361 455.152
2456788.556134495 12160.0 10.293 455.11
2456788.576566058 11917.39 10.923 455.54
2456788.59699782 12408.09 11.036 455.589
2456788.617429483 12129.35 10.955 455.526
2456788.637861245 12112.14 10.895 455.467
2456788.658292808 12414.3 10.809 455.402
2456788.678724471 12236.03 10.749 455.35
2456788.699156235 12122.38 10.668 455.304
2456788.719587798 12481.04 10.611 455.265
2456788.740019462 12233.14 10.529 455.226
2456788.760451226 12051.7 10.455 455.194
2456788.780882789 12424.64 10.41 455.178
2456788.801314454 12140.42 10.311 455.129
2456788.821746218 11986.53 10.936 455.551
2456788.842177783 12382.02 11.015 455.595
2456788.862609547 12139.23 10.907 455.48
2456788.883041112 12037.9 10.854 455.429
2456788.903472777 12371.27 10.757 455.348
2456788.923904542 12146.65 10.688 455.303
2456788.944336108 12068.42 10.601 455.257
2456788.964767774 12362.3 10.532 455.212
2456788.985199539 12091.84 10.462 455.192
2456789.005631206 12061.38 10.38 455.156
2456789.026062872 12337.53 10.308 455.123
2456789.046494538 12072.36 10.22 455.056
2456789.087357872 12350.4 11.131 455.682
2456789.107789539 12106.48 11.122 455.646
2456789.128221206 12075.37 11.064 455.632
2456789.148652973 12339.61 11.003 455.568
2456789.169084541 12113.03 10.973 455.552
2456789.189516209 12105.8 10.926 455.498
2456789.209947976 12335.43 10.896 455.466
2456789.230379545 12114.14 10.86 455.434
2456789.250811313 12140.81 10.806 455.381
2456789.271242981 12364.94 10.765 455.359
2456789.29167455 12150.35 10.689 455.321
2456789.312106319 12047.81 10.92 455.502
2456789.332537988 12344.71 10.958 455.529
2456789.352969558 12106.43 10.912 455.481
2456789.373401327 12159.75 10.877 455.438
2456789.393832996 12371.9 10.837 455.386
2456789.414264766 12117.31 10.779 455.358
2456789.434696336 12174.54 10.716 455.33
2456789.455128007 12411.41 10.673 455.291
2456789.475559777 12096.73 10.619 455.273
2456789.495991347 12166.69 10.58 455.237
2456789.516423018 12369.42 10.544 455.21
2456789.536854689 12071.07 10.468 455.192
2456789.55728636 11993.09 11.009 455.594
2456789.577718032 12335.7 11.116 455.672
2456789.598149703 12084.34 11.068 455.627
2456789.618581375 12080.86 11.015 455.589
2456789.639013147 12259.39 10.975 455.537
2456789.65944472 12060.22 10.938 455.487
2456789.679876392 12129.59 10.848 455.426
2456789.700308164 12272.21 10.81 455.394
2456789.720739837 12089.81 10.747 455.341
2456789.74117141 12235.83 10.69 455.305
2456789.761603183 12321.59 10.659 455.272
2456789.782034856 12060.09 10.561 455.24
2456789.80246643 12119.66 11.013 455.609
2456789.822898204 12286.81 11.059 455.621
2456789.843329878 12024.64 11.009 455.565
2456789.863761652 12195.42 10.949 455.535
2456789.884193226 12305.41 10.885 455.449
2456789.904624901 12076.51 10.853 455.412
2456789.925056675 12235.42 10.786 455.356
2456789.94548825 12335.75 10.719 455.32
2456789.965919925 12124.05 10.652 455.277
2456789.9863517 12271.72 10.598 455.251
2456790.006783276 12320.12 10.554 455.222
2456790.027215052 12132.87 10.48 455.196
2456790.047646728 12109.76 11.055 455.641
2456790.068078304 12334.82 11.155 455.719
2456790.08851008 12107.56 11.115 455.676
2456790.108941757 12273.69 11.078 455.63
2456790.129373333 12232.07 11.017 455.566
2456790.14980511 12032.11 10.973 455.529
2456790.170236787 12262.97 10.894 455.46
2456790.190668465 12259.5 10.857 455.426
2456790.211100142 12052.75 10.774 455.373
2456790.23153182 12281.69 10.74 455.322
2456790.251963498 12305.35 10.664 455.284
2456790.272395176 12025.95 10.594 455.241
2456790.292826854 12170.84 10.884 455.463
2456790.313258532 12252.78 10.882 455.446
2456790.333690211 12047.37 10.834 455.406
2456790.35412189 12263.77 10.779 455.359
2456790.374553669 12271.45 10.702 455.3
2456790.394985248 12111.63 10.641 455.278
2456790.415417028 12281.44 10.578 455.225
2456790.435848708 12258.83 10.522 455.21
2456790.456280288 12077.76 10.442 455.183
2456790.476712068 12287.32 10.383 455.157
2456790.497143748 12177.85 10.333 455.124
2456790.517575329 12080.81 10.269 455.075
2456790.538007109 12174.27 10.845 455.45
2456790.55843879 12189.83 10.963 455.521
2456790.578870571 12048.32 10.908 455.474
2456790.599302153 12340.74 10.824 455.396
2456790.619733834 12225.91 10.787 455.37
2456790.640165616 12088.05 10.708 455.311
2456790.660597198 12334.73 10.643 455.265
2456790.68102888 12272.47 10.584 455.243
2456790.701460662 12061.33 10.524 455.202
2456790.721892245 12300.92 10.473 455.19
2456790.742323928 12210.58 10.396 455.163
2456790.762755711 12051.1 10.359 455.133
2456790.783187394 12182.3 11.019 455.603
2456790.803619077 12217.87 11.149 455.696
2456790.824050761 12150.12 11.091 455.637
2456790.844482445 12279.92 11.019 455.579
2456790.864914129 12193.59 10.969 455.523
2456790.885345813 12100.09 10.893 455.46
2456790.905777398 12318.46 10.848 455.419
2456790.926209182 12202.1 10.778 455.352
2456790.946640867 12094.02 10.719 455.317
2456790.967072552 12395.79 10.633 455.269
2456790.987504237 12189.88 10.594 455.233
2456791.007935923 12085.31 10.527 455.209
2456791.048799295 12211.34 11.1 455.647
2456791.069230981 12054.42 11.011 455.563
2456791.089662767 12253.81 10.946 455.522
2456791.110094353 12187.28 10.895 455.463
2456791.13052604 12117.88 10.835 455.426
2456791.150957827 12253.96 10.8 455.373
2456791.171389414 12194.38 10.76 455.338
2456791.191821202 12156.12 10.73 455.307
2456791.212252889 12297.1 10.652 455.268
2456791.232684477 12145.33 10.638 455.247
2456791.253116265 12192.01 10.555 455.229
2456791.273547953 11979.17 10.892 455.481
2456791.293979541 12107.58 11.04 455.591
2456791.31441133 12142.22 10.995 455.56
2456791.334843019 12225.99 10.965 455.533
2456791.355274808 12129.97 10.921 455.482
2456791.375706397 12104.64 10.883 455.44
2456791.396138087 12321.6 10.832 455.395
2456791.416569876 12143.13 10.796 455.376
2456791.437001466 12163.59 10.736 455.346
2456791.457433156 12347.29 10.717 455.315
2456791.477864947 12172.59 10.659 455.277
2456791.498296637 12237.25 10.619 455.25
2456791.518728228 12127.93 11.041 455.614
2456791.539160019 12206.41 11.112 455.653
2456791.55959161 12196.23 11.072 455.618
2456791.580023401 12258.77 11.024 455.557
2456791.600455093 12126.27 10.966 455.538
2456791.620886685 12208.72 10.935 455.497
2456791.641318477 12270.09 10.874 455.452
2456791.661750169 12126.02 10.859 455.419
2456791.682181762 12252.54 10.818 455.375
2456791.702613554 12303.84 10.769 455.356
2456791.723045247 12165.18 10.717 455.307
2456791.74347704 12255.13 10.67 455.293
2456791.763908634 12131.47 10.982 455.548
2456791.784340328 12119.94 11.059 455.615
2456791.804772121 12164.06 11.039 455.573
2456791.825203715 12221.09 10.987 455.534
2456791.845635409 12135.48 10.947 455.513
2456791.866067204 12183.19 10.893 455.456
2456791.886498799 12244.0 10.862 455.424
2456791.906930493 12107.02 10.809 455.388
2456791.927362288 12275.03 10.779 455.356
2456791.947793884 12209.7 10.716 455.32
2456791.968225679 12137.61 10.683 455.288
2456791.988657375 12330.4 10.621 455.259
2456792.009089071 12061.74 11.024 455.601
2456792.029520767 12108.23 11.088 455.644
2456792.049952463 12275.59 11.038 455.578
2456792.07038416 12167.25 11.011 455.549
2456792.090815857 12095.43 10.95 455.496
2456792.111247554 12291.09 10.906 455.465
2456792.131679351 12178.6 10.852 455.42
2456792.152111049 12085.14 10.808 455.382
2456792.172542647 12345.75 10.78 455.356
2456792.192974444 12212.94 10.729 455.321
2456792.213406043 12181.12 10.68 455.29
2456792.233837741 12337.06 10.629 455.26
2456792.254269539 12129.35 11.026 455.606
2456792.274701138 12089.4 11.072 455.606
2456792.295132937 12356.77 11.011 455.553
2456792.315564637 12143.61 10.964 455.517
2456792.335996236 12095.44 10.915 455.474
2456792.356428036 12346.84 10.871 455.445
2456792.376859736 12113.79 10.814 455.388
2456792.397291336 12115.98 10.796 455.361
2456792.417723136 12395.17 10.724 455.313
2456792.438154837 12158.03 10.683 455.295
2456792.458586438 12134.28 10.622 455.254
2456792.479018239 12375.15 10.565 455.224
2456792.49944994 12058.11 10.974 455.54
2456792.519881742 12051.22 10.975 455.528
2456792.540313343 12343.62 10.929 455.487
2456792.560745045 12095.48 10.865 455.424
2456792.581176847 12070.23 10.822 455.392
2456792.60160845 12363.67 10.763 455.344
2456792.622040152 12136.09 10.707 455.309
2456792.642471955 12123.39 10.659 455.279
2456792.662903658 12398.01 10.61 455.245
2456792.683335362 12107.76 10.565 455.221
2456792.703767065 12120.81 10.499 455.189
2456792.724198769 12368.73 10.453 455.185
2456792.744630473 12011.44 11.202 455.78
2456792.765062177 12097.13 11.4 455.928
2456792.785493881 12471.95 11.353 455.878
2456792.805925586 12184.65 11.295 455.815
2456792.826357291 12161.68 11.246 455.761
2456792.846788996 12499.79 11.176 455.72
2456792.867220801 12106.51 11.127 455.671
2456792.887652407 12098.85 11.057 455.601
2456792.908084213 12437.13 11.005 455.557
2456792.928515819 12082.38 10.938 455.487
2456792.948947525 12083.48 10.883 455.44
2456792.969379331 12472.84 10.828 455.392
2456793.010242645 12090.14 11.064 455.607
2456793.030674452 12397.87 11.049 455.587
2456793.051106059 12059.94 11.007 455.551
2456793.071537867 12092.4 10.929 455.505
2456793.091969575 12404.31 10.898 455.466
2456793.112401183 12061.97 10.823 455.407
2456793.132832991 12085.54 10.817 455.381
2456793.1532647 12437.64 10.77 455.355
2456793.173696309 12036.9 10.741 455.311
2456793.194128118 12149.36 10.71 455.281
2456793.214559827 12462.45 10.635 455.262
2456793.234991536 11928.91 11.216 455.78
2456793.255423246 12160.44 11.356 455.885
2456793.275854956 12441.25 11.336 455.856
2456793.296286766 12096.16 11.27 455.802
2456793.316718377 12184.23 11.254 455.768
2456793.337150088 12497.97 11.212 455.722
2456793.357581898 12065.22 11.15 455.698
2456793.378013609 12155.23 11.122 455.671
2456793.398445221 12426.57 11.072 455.633
2456793.418877032 11990.22 11.05 455.593
2456793.439308744 12128.11 11.001 455.541
2456793.459740556 12406.07 10.98 455.526
2456793.480172168 11950.88 11.12 455.654
2456793.500603881 12199.51 11.127 455.655
2456793.521035694 12403.28 11.089 455.618
2456793.541467307 12000.98 11.04 455.588
2456793.56189892 12169.53 10.999 455.548
2456793.582330734 12413.61 10.945 455.505
2456793.602762447 11982.25 10.927 455.494
2456793.623194261 12157.15 10.882 455.415
2456793.643625875 12469.82 10.837 455.399
2456793.66405759 11968.7 10.788 455.364
2456793.684489404 12223.15 10.736 455.322
2456793.704921019 12462.3 10.677 455.294
2456793.725352734 11900.6 10.971 455.53
2456793.74578455 12155.23 11.006 455.554
2456793.766216165 12369.27 10.966 455.511
2456793.786647881 11976.37 10.928 455.482
2456793.807079697 12203.65 10.873 455.425
2456793.827511313 12382.68 10.838 455.401
2456793.847943129 11965.17 10.785 455.363
2456793.868374846 12265.88 10.742 455.327
2456793.888806563 12404.46 10.712 455.298
2456793.90923828 11966.24 10.648 455.263
2456793.929669998 12265.69 10.623 455.246
2456793.950101716 12390.38 10.562 455.224
2456793.970533433 11978.76 11.187 455.75
2456793.990965152 12242.71 11.283 455.804
2456794.01139697 12477.8 11.26 455.761
2456794.031828689 12015.4 11.205 455.735
2456794.052260308 12248.16 11.152 455.682
2456794.072692127 12390.0 11.115 455.656
2456794.093123846 11954.32 11.062 455.606
2456794.113555466 12238.29 11.031 455.571
2456794.133987286 12331.05 10.974 455.521
2456794.154419006 11951.28 10.931 455.485
2456794.174850726 12305.29 10.868 455.427
2456794.195282447 12348.41 10.82 455.39
2456794.215714068 11974.86 11.116 455.654
2456794.236145888 12323.49 11.121 455.647
2456794.25657761 12355.92 11.082 455.612
2456794.277009232 11955.23 11.018 455.553
2456794.297441053 12337.43 10.983 455.542
2456794.317872775 12346.79 10.895 455.46
2456794.338304398 11910.92 10.864 455.422
2456794.35873622 12394.06 10.825 455.377
2456794.379167943 12350.4 10.768 455.339
2456794.399599766 11953.15 10.719 455.304
2456794.420031389 12395.0 10.658 455.273
2456794.440463113 12344.48 10.624 455.249
2456794.460894936 11904.98 10.968 455.525
2456794.48132656 12310.38 10.986 455.531
2456794.501758284 12280.44 10.915 455.468
2456794.522190109 11925.96 10.866 455.428
2456794.542621834 12382.97 10.818 455.373
2456794.563053559 12264.11 10.762 455.337
2456794.583485284 11995.38 10.696 455.297
2456794.603917009 12450.69 10.632 455.257
2456794.624348735 12262.94 10.594 455.226
2456794.644780461 11941.55 10.531 455.202
2456794.665212187 12434.55 10.481 455.178
2456794.685644014 12231.51 10.409 455.157
2456794.70607564 11840.6 10.967 455.557
2456794.726507367 12413.42 11.017 455.553
2456794.746939194 12245.4 10.972 455.517
2456794.767370822 11902.54 10.91 455.47
2456794.78780265 12380.38 10.851 455.402
2456794.808234377 12325.55 10.795 455.364
2456794.828666006 11936.63 10.725 455.307
2456794.849097834 12441.14 10.669 455.273
2456794.869529462 12246.6 10.582 455.234
2456794.889961191 11977.07 10.546 455.208
2456794.910393021 12418.12 10.469 455.178
2456794.93082465 12232.55 10.412 455.153
2456794.97168821 12461.83 11.13 455.673
2456794.99211984 12198.27 11.103 455.648
2456795.01255167 11917.87 11.048 455.598
2456795.032983401 12466.05 11.028 455.562
2456795.053415132 12175.88 10.962 455.514
2456795.073846863 11907.07 10.944 455.482
2456795.094278594 12464.27 10.876 455.432
2456795.114710426 12238.56 10.839 455.414
2456795.135142058 11876.89 10.788 455.376
2456795.15557379 12478.59 10.762 455.34
2456795.176005622 12254.24 10.733 455.307
2456795.196437255 11928.61 11.047 455.603
2456795.216868988 12439.78 11.052 455.563
2456795.237300821 12200.85 10.994 455.521
2456795.257732554 11927.83 10.957 455.503
2456795.278164188 12411.59 10.895 455.446
2456795.298596022 12176.77 10.862 455.419
2456795.319027756 11976.4 10.817 455.379
2456795.339459591 12476.03 10.779 455.355
2456795.359891226 12181.89 10.741 455.323
2456795.38032296 12032.76 10.702 455.292
2456795.400754795 12527.98 10.666 455.273
2456795.421186431 12175.39 10.613 455.247
2456795.441618166 11896.21 11.104 455.66
2456795.462050003 12516.38 11.138 455.701
2456795.482481638 12171.78 11.132 455.663
2456795.502913475 11953.6 11.094 455.623
2456795.523345112 12470.26 11.066 455.584
2456795.543776849 12146.06 11.031 455.549
2456795.564208686 11917.17 10.987 455.523
2456795.584640324 12447.56 10.933 455.494
2456795.605072061 12138.29 10.888 455.436
2456795.625503899 11951.81 10.85 455.418
2456795.645935537 12416.3 10.799 455.366
2456795.666367376 12149.4 10.773 455.344
2456795.686799115 11933.69 11.103 455.62
2456795.707230854 12426.16 11.133 455.667
2456795.727662593 12146.71 11.096 455.636
2456795.748094332 11979.15 11.048 455.574
2456795.768526072 12422.16 11.024 455.559
2456795.788957812 12069.34 10.966 455.518
2456795.809389553 11982.32 10.945 455.486
2456795.829821293 12500.98 10.895 455.446
2456795.850253134 12067.56 10.865 455.421
2456795.870684775 12032.29 10.817 455.376
2456795.891116616 12452.01 10.779 455.348
2456795.911548358 12147.15 10.729 455.319
2456795.931979999 12104.79 11.202 455.735
2456795.952411842 12517.79 11.261 455.763
2456795.972843584 12223.38 11.177 455.715
2456795.993275227 12053.15 11.154 455.686
2456796.01370707 12474.62 11.09 455.632
2456796.034138813 12147.1 11.059 455.597
2456796.054570656 12042.73 11.016 455.555
2456796.0750023 12393.63 10.984 455.513
2456796.095434044 12080.46 10.929 455.468
2456796.115865788 12116.27 10.866 455.416
2456796.136297532 12381.47 10.822 455.383
2456796.156729277 12119.24 10.764 455.336
2456796.177161022 12092.92 11.061 455.599
2456796.197592767 12395.97 11.06 455.584
2456796.218024612 12037.0 11.014 455.551
2456796.238456258 12058.64 10.955 455.502
2456796.258888004 12381.61 10.899 455.456
2456796.279319851 12024.8 10.872 455.414
2456796.299751497 12101.23 10.808 455.363
2456796.320183244 12378.35 10.762 455.33
2456796.340615091 12107.16 10.701 455.291
2456796.361046738 12159.83 10.659 455.263
2456796.381478486 12315.45 10.592 455.245
2456796.401910333 12134.66 10.549 455.205
2456796.422342082 12088.98 11.231 455.779
2456796.44277383 12357.09 11.366 455.858
2456796.463205579 12136.67 11.325 455.824
2456796.483637328 12209.28 11.26 455.768
2456796.504069077 12429.29 11.221 455.73
2456796.524500826 12078.02 11.147 455.677
2456796.544932576 12268.11 11.121 455.648
2456796.565364426 12359.27 11.059 455.588
2456796.585796076 12005.99 11.013 455.55
2456796.606227926 12223.13 10.964 455.505
2456796.626659677 12350.65 10.918 455.46
2456796.647091328 12035.84 10.868 455.418
2456796.66752318 12225.05 11.153 455.69
2456796.687954931 12427.02 11.164 455.705
2456796.708386583 12055.42 11.118 455.644
2456796.728818435 12248.87 11.077 455.602
2456796.749250187 12305.53 11.02 455.55
2456796.76968194 12008.67 10.972 455.513
2456796.790113693 12223.28 10.916 455.463
2456796.810545446 12249.34 10.869 455.42
2456796.830977199 12040.24 10.821 455.374
2456796.851408953 12258.53 10.767 455.334
2456796.871840707 12272.07 10.714 455.3
2456796.892272461 12034.7 10.67 455.262
2456796.93313597 12227.85 11.012 455.546
2456796.953567726 11941.11 10.967 455.51
2456796.973999481 12259.37 10.898 455.459
2456796.994431336 12256.47 10.881 455.414
2456797.014862992 11957.01 10.83 455.372
2456797.035294748 12286.5 10.811 455.352
2456797.055726605 12281.58 10.771 455.322
2456797.076158361 12038.45 10.706 455.293
2456797.096590018 12323.36 10.672 455.27
2456797.117021875 12300.32 10.622 455.246
2456797.137453633 12058.92 10.602 455.234
2456797.15788539 12099.37 10.968 455.534
2456797.178317148 12340.21 11.18 455.71
2456797.198748907 12080.91 11.143 455.667
2456797.219180765 12394.33 11.122 455.646
2456797.239612424 12224.74 11.078 455.603
2456797.260044183 12053.15 11.055 455.593
2456797.280476043 12355.96 11.014 455.562
2456797.300907702 12205.85 10.994 455.527
2456797.321339562 12035.06 10.959 455.492
2456797.341771322 12349.17 10.914 455.453
2456797.362202982 12249.09 10.895 455.427
2456797.382634843 11979.06 10.836 455.392
2456797.403066604 12356.09 11.105 455.617
2456797.423498265 12225.67 11.086 455.623
2456797.443930127 12007.72 11.062 455.587
2456797.464361889 12332.96 11.019 455.551
2456797.484793751 12170.41 10.968 455.518
2456797.505225413 11992.13 10.952 455.476
2456797.525657076 12316.39 10.9 455.441
2456797.546088939 12165.09 10.857 455.406
2456797.566520702 12038.59 10.801 455.359
2456797.586952466 12380.52 10.77 455.336
2456797.607384229 12181.7 10.719 455.302
2456797.627815993 12069.36 10.702 455.283
2456797.648247757 12339.54 11.28 455.805
2456797.668679522 12135.92 11.374 455.891
2456797.689111287 12031.42 11.348 455.843
2456797.709543152 12456.88 11.293 455.795
2456797.729974917 12252.9 11.275 455.767
2456797.750406583 12086.77 11.234 455.735
2456797.770838449 12483.82 11.216 455.719
2456797.791270215 12189.54 11.16 455.673
2456797.811701882 12071.48 11.138 455.673
2456797.832133748 12373.36 11.096 455.616
2456797.852565515 12147.6 11.058 455.586
2456797.872997383 12046.24 11.002 455.539
2456797.89342905 12404.37 11.221 455.743
2456797.913860818 12229.94 11.252 455.739
2456797.934292686 12140.62 11.194 455.696
2456797.954724355 12446.91 11.153 455.674
2456797.975156123 12133.18 11.087 455.602
2456797.995587992 12059.38 11.047 455.571
2456798.016019662 12422.27 10.985 455.529
2456798.036451531 12096.27 10.955 455.487
2456798.056883301 12048.23 10.897 455.439
2456798.077314971 12422.29 10.839 455.388
2456798.097746842 12144.72 10.778 455.347
2456798.118178612 12102.97 10.722 455.292
2456798.138610283 12363.72 11.087 455.639
2456798.159042154 12144.04 11.108 455.616
2456798.179473826 12016.3 11.054 455.571
2456798.199905698 12348.34 10.985 455.517
2456798.22033747 12110.26 10.928 455.464
2456798.240769142 12050.92 10.843 455.396
2456798.261201015 12369.96 10.811 455.37
2456798.281632788 12123.9 10.774 455.322
2456798.302064561 12122.63 10.728 455.298
2456798.322496334 12403.51 10.699 455.277
2456798.342928108 12138.61 10.646 455.252
2456798.363359882 12135.54 10.618 455.242
2456798.383791656 12385.33 11.138 455.67
2456798.404223431 12140.87 11.188 455.701
2456798.424655306 12127.81 11.125 455.64
2456798.445087081 12430.55 11.086 455.611
2456798.465518756 12063.44 11.019 455.54
2456798.485950632 12102.27 10.979 455.498
2456798.506382408 12388.6 10.907 455.447
2456798.526814085 12099.19 10.865 455.411
2456798.547245961 12160.47 10.802 455.359
2456798.567677738 12395.33 10.761 455.327
2456798.588109615 12142.73 10.724 455.285
2456798.608541293 12200.95 10.65 455.259
2456798.628973071 12298.97 11.169 455.681
2456798.649404949 12149.21 11.238 455.739
2456798.669836627 12227.66 11.197 455.717
2456798.690268405 12380.84 11.123 455.644
2456798.710700284 12006.16 11.092 455.604
2456798.731131963 12199.32 11.012 455.541
2456798.751563843 12286.14 10.974 455.503
2456798.771995622 11982.17 10.909 455.447
2456798.792427302 12183.42 10.863 455.395
2456798.812859183 12323.02 10.799 455.357
2456798.833290863 12038.01 10.735 455.316
2456798.853722644 12249.15 10.692 455.269
2456798.894586207 12055.05 11.226 455.712
2456798.915017989 12254.81 11.197 455.7
2456798.935449871 12349.38 11.192 455.677
2456798.955881653 12014.38 11.126 455.65
2456798.976313435 12239.16 11.102 455.624
2456798.996745219 12300.17 11.071 455.591
2456799.017177002 12019.63 11.045 455.579
2456799.037608785 12211.6 11.009 455.533
2456799.058040569 12272.6 10.983 455.512
2456799.078472353 11991.3 10.94 455.471
2456799.098904237 12222.79 10.899 455.437
2456799.119335922 12320.34 11.156 455.682
2456799.139767807 12012.01 11.149 455.678
2456799.160199592 12294.86 11.124 455.657
2456799.180631278 12321.45 11.081 455.591
2456799.201063163 11932.84 11.062 455.568
2456799.221494949 12249.34 11.007 455.531
2456799.241926636 12244.78 10.988 455.503
2456799.262358523 11947.92 10.945 455.462
2456799.282790309 12232.53 10.916 455.452
2456799.303222197 12306.58 10.854 455.404
2456799.323653884 11980.36 10.831 455.378
2456799.344085672 12266.68 10.787 455.351
2456799.36451756 12233.96 11.078 455.609
2456799.384949248 11995.11 11.127 455.632
2456799.405381037 12273.63 11.089 455.593
2456799.425812926 12268.25 11.049 455.569
2456799.446244616 11992.04 10.995 455.519
2456799.466676505 12311.97 10.965 455.497
2456799.487108195 12262.17 10.902 455.45
2456799.507539985 11995.52 10.871 455.407
2456799.527971875 12342.09 10.845 455.375
2456799.548403566 12311.13 10.803 455.343
2456799.568835357 12001.17 10.748 455.317
2456799.589267249 12426.86 10.713 455.285
2456799.60969904 12190.18 11.035 455.564
2456799.630130732 11957.73 11.102 455.617
2456799.650562624 12350.95 11.075 455.593
2456799.670994417 12256.27 11.025 455.548
2456799.69142621 11927.89 11.0 455.524
2456799.711858003 12283.15 10.947 455.482
2456799.732289796 12230.65 10.919 455.448
2456799.75272169 11966.67 10.857 455.4
2456799.773153384 12284.24 10.822 455.37
2456799.793585178 12241.89 10.776 455.34
2456799.814017073 11994.22 10.748 455.302
2456799.834448768 12344.27 10.719 455.279
2456799.854880663 12139.85 11.157 455.69
2456799.875312458 12026.27 11.307 455.786
2456799.895744154 12404.16 11.259 455.736
2456799.91617605 12281.24 11.237 455.726
2456799.936607847 12016.52 11.159 455.672
2456799.957039543 12353.05 11.145 455.658
2456799.977471441 12233.25 11.089 455.606
2456799.997903238 11971.8 11.062 455.581
2456800.018335135 12392.14 11.022 455.566
2456800.038766833 12256.28 10.975 455.503
2456800.059198631 11962.21 10.94 455.467
2456800.07963043 12381.73 10.901 455.426
2456800.100062228 12279.55 11.177 455.685
2456800.120494028 12078.77 11.176 455.685
2456800.140925827 12377.53 11.148 455.662
2456800.161357626 12268.21 11.096 455.602
2456800.181789526 12046.48 11.068 455.591
2456800.202221227 12333.58 11.007 455.532
2456800.222653027 12223.98 10.994 455.504
2456800.243084928 12042.57 10.917 455.456
2456800.263516629 12330.81 10.884 455.407
2456800.283948431 12227.54 10.831 455.383
2456800.304380333 12061.97 10.792 455.338
2456800.324812135 12342.59 10.745 455.308
2456800.345243837 12178.31 11.104 455.639
2456800.365675739 12007.54 11.154 455.662
2456800.386107543 12319.06 11.104 455.612
2456800.406539446 12204.59 11.063 455.586
2456800.42697115 11960.04 11.016 455.533
2456800.447402953 12263.47 10.991 455.514
2456800.467834857 12190.05 10.923 455.449
2456800.488266562 11983.51 10.884 455.421
2456800.508698367 12296.61 10.82 455.365
2456800.529130272 12216.81 10.794 455.344
2456800.549561977 12097.76 10.745 455.294
2456800.569993883 12309.49 10.695 455.273
2456800.590425689 12159.01 10.931 455.462
2456800.610857395 12072.42 10.935 455.458
2456800.631289302 12302.85 10.879 455.41
2456800.651721109 12194.87 10.828 455.367
2456800.672152816 12114.86 10.785 455.339
2456800.692584724 12354.39 10.72 455.285
2456800.713016531 12234.92 10.676 455.259
2456800.73344834 12136.14 10.612 455.217
2456800.753880148 12357.58 10.573 455.198
2456800.774311957 12207.34 10.495 455.171
2456800.794743866 12122.28 10.446 455.158
2456800.815175575 12310.45 10.398 455.119
2456800.856039195 12112.86 11.115 455.617
2456800.876471005 12298.93 11.113 455.616
2456800.896902916 12155.99 11.096 455.581
2456800.917334727 12133.43 11.087 455.56
2456800.937766438 12231.79 11.045 455.543
2456800.958198349 12103.57 11.011 455.533
2456800.978630161 12165.21 10.988 455.519
2456800.999061873 12198.87 10.95 455.473
2456801.019493786 12118.58 10.916 455.448
2456801.039925599 12126.49 10.881 455.401
2456801.060357311 12253.84 10.861 455.388
2456801.080789225 12054.27 11.063 455.569
2456801.101221038 12172.57 11.086 455.601
2456801.121652952 12206.5 11.038 455.549
2456801.142084667 12052.11 11.011 455.538
2456801.162516481 12140.85 10.961 455.488
2456801.182948396 12206.87 10.945 455.47
2456801.203380111 12106.8 10.903 455.427
2456801.223811927 12129.6 10.879 455.396
2456801.244243843 12219.58 10.846 455.38
2456801.264675559 12126.44 10.702 455.38
2456801.285107475 11986.75 10.63 455.247
2456801.305539292 12285.0 10.725 455.292
2456801.325971009 12049.74 11.177 455.686
2456801.346402926 12306.91 11.293 455.772
2456801.366834744 12303.64 11.269 455.755
2456801.387266562 12180.94 11.204 455.732
2456801.40769838 12349.17 11.194 455.7
2456801.428130199 12257.97 11.174 455.651
2456801.448562018 12151.43 11.127 455.632
2456801.468993837 12300.71 11.096 455.596
2456801.489425656 12204.94 11.06 455.57
2456801.509857477 12146.41 11.022 455.565
2456801.530289297 12241.05 10.982 455.503
2456801.550721117 12221.73 10.926 455.453
2456801.571152938 12139.81 11.226 455.714
2456801.591584759 12373.92 11.254 455.722
2456801.612016681 12273.97 11.2 455.705
2456801.632448502 12149.02 11.175 455.681
2456801.652880224 12286.75 11.121 455.625
2456801.673312147 12157.92 11.099 455.606
2456801.693743969 12097.76 11.056 455.566
2456801.714175692 12267.8 11.04 455.562
2456801.734607616 12142.15 10.971 455.491
2456801.755039439 12041.58 10.939 455.462
2456801.775471163 12259.41 10.884 455.413
2456801.795903088 12106.83 10.848 455.38
2456801.816334912 12039.53 11.045 455.58
2456801.836766837 12265.1 11.034 455.54
2456801.857198562 12111.69 11.02 455.517
2456801.877630388 12033.38 10.972 455.487
2456801.898062313 12291.18 10.939 455.458
2456801.91849404 12128.21 10.879 455.402
2456801.938925866 12090.55 10.848 455.382
2456801.959357793 12304.0 10.793 455.335
2456801.97978952 12200.36 10.762 455.315
2456802.000221448 12151.32 10.706 455.273
2456802.020653275 12357.21 10.668 455.254
2456802.041085003 12198.72 10.609 455.22
2456802.061516932 12093.79 11.037 455.575
2456802.08194876 12388.69 11.092 455.593
2456802.102380489 12123.67 11.061 455.554
2456802.122812419 12143.33 11.022 455.524
2456802.143244248 12350.89 10.971 455.484
2456802.163676078 12147.28 10.945 455.47
2456802.184107909 12144.83 10.886 455.407
2456802.204539739 12334.5 10.852 455.386
2456802.22497157 12198.94 10.799 455.346
2456802.245403401 12112.37 10.784 455.317
2456802.265835233 12404.97 10.708 455.274
2456802.286267165 12155.89 10.686 455.26
2456802.306698897 12049.95 10.91 455.436
2456802.327130729 12291.96 10.929 455.449
2456802.347562662 12093.0 10.887 455.405
2456802.367994395 12094.53 10.851 455.383
2456802.388426329 12261.54 10.805 455.341
2456802.408858162 12129.62 10.761 455.309
2456802.429289897 12159.27 10.707 455.281
2456802.449721831 12288.14 10.676 455.255
2456802.470153666 12118.56 10.621 455.222
2456802.490585401 12140.39 10.577 455.195
2456802.511017337 12353.5 10.538 455.181
2456802.531449172 12115.74 10.479 455.165
2456802.551881108 12043.45 11.054 455.578
2456802.572312844 12332.71 11.115 455.613
2456802.592744681 12089.14 11.097 455.588
2456802.613176618 12140.43 11.044 455.539
2456802.633608356 12327.86 11.001 455.513
2456802.654040193 12084.37 10.95 455.473
2456802.674472131 12163.49 10.92 455.444
2456802.694903869 12303.5 10.868 455.395
2456802.715335808 12118.37 10.833 455.366
2456802.735767647 12217.42 10.793 455.333
2456802.756199386 12361.0 10.743 455.295
2456802.776631326 12176.37 10.701 455.267
2456802.817495006 12284.26 11.173 455.683
2456802.837926846 12149.36 11.22 455.712
2456802.858358688 12258.61 11.188 455.683
2456802.878790429 12376.78 11.13 455.64
2456802.89922237 12065.18 11.102 455.609
2456802.919654212 12211.04 11.054 455.567
2456802.940086154 12316.63 11.047 455.576
2456802.960517897 11977.35 10.985 455.512
2456802.980949739 12248.54 10.984 455.496
2456803.001381683 12238.17 10.946 455.453
2456803.021813427 12005.08 10.928 455.432
2456803.04224527 12122.19 11.278 455.801
2456803.062677214 12291.5 11.484 455.97
2456803.083108959 12005.81 11.458 455.938
2456803.103540903 12248.03 11.411 455.898
2456803.123972749 12289.17 11.38 455.863
2456803.144404494 12036.02 11.361 455.837
2456803.16483644 12338.63 11.333 455.805
2456803.185268286 12285.19 11.302 455.775
2456803.205700032 12094.22 11.284 455.748
2456803.226131979 12374.44 11.237 455.709
2456803.246563826 12308.83 11.215 455.685
2456803.266995774 12047.54 11.15 455.659
2456803.287427522 12335.85 11.137 455.631
2456803.30785937 12263.13 11.079 455.599
2456803.328291318 12014.17 11.068 455.568
2456803.348723067 12296.8 11.037 455.537
2456803.369154916 12254.44 11.004 455.516
2456803.389586865 12012.15 10.997 455.488
2456803.410018715 12278.0 10.95 455.463
2456803.430450565 12256.82 10.933 455.441
2456803.450882316 12017.34 10.877 455.402
2456803.471314166 12314.04 10.854 455.38
2456803.491746117 12256.76 10.814 455.347
2456803.512177969 12071.33 10.784 455.331
2456803.532609721 12322.52 11.115 455.63
2456803.553041672 12268.23 11.162 455.656
2456803.573473525 12067.02 11.131 455.607
2456803.593905278 12400.21 11.091 455.589
2456803.614337231 12188.56 11.044 455.542
2456803.634769084 12001.51 11.011 455.524
2456803.655201038 12383.22 10.968 455.476
2456803.675632792 12187.62 10.927 455.452
2456803.696064646 12000.55 10.899 455.414
2456803.716496601 12352.42 10.858 455.379
2456803.736928356 12236.72 10.814 455.339
2456803.757360211 11973.93 10.772 455.316
2456803.777792167 12394.27 11.219 455.714
2456803.798223923 12279.34 11.283 455.758
2456803.818655879 12044.51 11.259 455.738
2456803.839087736 12436.42 11.199 455.694
2456803.859519493 12212.12 11.166 455.668
2456803.879951451 12004.73 11.128 455.603
2456803.900383308 12368.82 11.093 455.592
2456803.920815066 12153.99 11.039 455.537
2456803.941247025 11972.72 11.009 455.52
2456803.961678883 12393.72 10.96 455.48
2456803.982110842 12138.22 10.932 455.448
2456804.002542602 11959.41 10.889 455.408
2456804.022974461 12407.93 11.092 455.579
2456804.043406322 12157.93 11.109 455.591
2456804.063838282 11956.86 11.073 455.558
2456804.084270043 12442.27 11.031 455.526
2456804.104701904 12138.69 10.98 455.491
2456804.125133765 11944.88 10.948 455.467
2456804.145565627 12422.9 10.908 455.427
2456804.165997589 12209.13 10.879 455.39
2456804.186429351 11977.02 10.827 455.352
2456804.206861314 12460.37 10.787 455.332
2456804.227293177 12252.92 10.728 455.29
2456804.247724941 12039.39 10.697 455.264
2456804.268156904 12436.55 11.189 455.685
2456804.288588768 12255.43 11.298 455.744
2456804.309020533 12088.96 11.216 455.704
2456804.329452497 12503.4 11.19 455.687
2456804.349884363 12141.86 11.135 455.624
2456804.370316328 12000.16 11.092 455.594
2456804.390748094 12442.77 11.044 455.544
2456804.41117996 12133.12 10.995 455.509
2456804.431611926 11960.97 10.956 455.463
2456804.452043694 12462.64 10.916 455.431
2456804.47247556 12113.31 10.86 455.38
2456804.492907528 11987.8 10.806 455.336
2456804.513339296 12408.19 11.406 455.904
2456804.533771264 12137.96 11.434 455.932
2456804.554203133 11997.01 11.4 455.891
2456804.574635001 12431.06 11.36 455.822
2456804.595066871 12217.89 11.33 455.786
2456804.61549874 12058.45 11.277 455.737
2456804.63593061 12533.08 11.247 455.718
2456804.65636248 12190.24 11.161 455.658
2456804.676794351 12037.06 11.147 455.629
2456804.697226222 12428.35 11.081 455.579
2456804.717658093 12109.18 11.058 455.55
2456804.738089964 12021.53 10.991 455.503
2456804.758521836 12414.66 10.96 455.475
2456804.778953709 12086.02 10.919 455.422
2456804.799385581 12062.43 10.868 455.389
2456804.819817554 12428.88 10.814 455.336
2456804.840249327 12122.61 10.765 455.309
2456804.860681201 12070.81 10.716 455.27
2456804.881113175 12446.69 10.671 455.247
2456804.901544949 12156.09 10.626 455.209
2456804.921976924 12046.44 10.562 455.191
2456804.942408799 12426.31 10.523 455.157
2456804.962840574 12140.98 10.464 455.152
2456804.98327255 12049.1 10.426 455.119
2456805.003704426 12252.28 11.111 455.631
2456805.024136202 12205.15 11.304 455.764
2456805.044568179 12184.09 11.25 455.711
2456805.065000056 12437.33 11.199 455.693
2456805.085432034 12151.91 11.14 455.643
2456805.105863811 12116.2 11.122 455.607
2456805.126295689 12402.82 11.067 455.548
2456805.146727668 12103.56 11.044 455.555
2456805.167159447 12084.74 10.977 455.479
2456805.187591326 12393.66 10.945 455.456
