Dates Flux Xpos Ypos
2456768.962217216 12963.32 210.666 644.503
2456768.982648807 12968.12 210.718 644.485
2456769.003080397 12976.8 210.721 644.493
2456769.023511988 12974.54 210.718 644.504
2456769.043943578 12980.0 210.731 644.489
2456769.064375169 12981.28 210.739 644.507
2456769.084806759 12992.19 210.746 644.515
2456769.105238449 13007.31 210.764 644.526
2456769.12567004 13029.71 210.771 644.533
2456769.14610153 13056.15 210.793 644.54
2456769.16653322 13075.45 210.792 644.551
2456769.18696471 13083.82 210.803 644.549
2456769.207396301 13087.63 210.803 644.554
2456769.227827991 13106.1 210.809 644.559
2456769.248259481 13114.74 210.807 644.557
2456769.268691071 13110.89 210.81 644.558
2456769.289122761 13124.03 210.828 644.569
2456769.309554251 13123.74 210.829 644.57
2456769.329985841 13167.12 210.839 644.589
2456769.350417531 13168.53 210.865 644.585
2456769.370849021 13196.39 210.878 644.607
2456769.391280711 13197.91 210.873 644.602
2456769.4117123 13210.75 210.874 644.608
2456769.43214379 13202.32 210.87 644.597
2456769.47300707 13083.36 210.787 644.582
2456769.493438659 13315.26 210.928 644.659
2456769.513870249 13319.9 210.91 644.685
2456769.534301839 13316.32 210.905 644.684
2456769.554733428 13305.03 210.917 644.685
2456769.575165118 13332.86 210.911 644.696
2456769.595596607 13349.49 210.943 644.699
2456769.616028297 13359.03 210.938 644.707
2456769.636459887 13371.27 210.939 644.711
2456769.656891376 13350.87 210.934 644.708
2456769.677323065 13367.28 210.94 644.72
2456769.697754655 13358.78 210.948 644.705
2456769.718186144 13368.44 210.951 644.711
2456769.738617833 13362.54 210.959 644.701
2456769.759049423 13375.82 210.98 644.726
2456769.779480912 13388.22 210.969 644.728
2456769.799912601 13363.19 210.967 644.718
2456769.82034419 13376.99 210.968 644.736
2456769.84077568 13396.3 210.988 644.728
2456769.861207369 13414.17 210.987 644.738
2456769.881638858 13409.56 210.986 644.739
2456769.902070547 13399.41 210.991 644.745
2456769.922502136 13381.27 210.985 644.742
2456769.942933625 13399.06 211.01 644.742
2456769.963365314 13377.47 211.014 644.754
2456769.983796903 13412.65 211.02 644.758
2456770.004228492 13404.41 211.027 644.762
2456770.024660081 13366.06 211.025 644.771
2456770.04509167 13400.35 211.037 644.777
2456770.065523259 13402.14 211.05 644.775
2456770.085954848 13420.8 211.066 644.792
2456770.106386437 13421.83 211.064 644.804
2456770.126818025 13427.8 211.08 644.815
2456770.147249714 13430.02 211.105 644.813
2456770.167681203 13421.12 211.123 644.825
2456770.188112892 13402.38 211.12 644.837
2456770.208544481 13413.52 211.128 644.846
2456770.228975969 13389.17 211.132 644.848
2456770.249407658 13377.35 211.151 644.856
2456770.269839247 13379.43 211.161 644.872
2456770.290270735 13355.08 211.158 644.888
2456770.310702424 13322.42 211.186 644.886
2456770.331134012 13334.5 211.208 644.886
2456770.351565501 13336.33 211.21 644.907
2456770.37199719 13289.33 211.218 644.91
2456770.392428778 13248.23 211.224 644.92
2456770.412860367 13211.18 211.229 644.93
2456770.433291955 12852.02 210.704 644.518
2456770.453723543 12937.5 210.637 644.474
2456770.474155232 12906.95 210.648 644.496
2456770.494586721 12888.7 210.663 644.5
2456770.515018309 12872.13 210.71 644.477
2456770.535449897 12841.82 210.724 644.493
2456770.555881485 12838.85 210.729 644.505
2456770.576313074 12835.96 210.752 644.502
2456770.596744662 12843.15 210.749 644.515
2456770.617176251 12839.47 210.747 644.516
2456770.637607839 12820.51 210.753 644.513
2456770.658039527 12850.15 210.762 644.526
2456770.678471015 12865.07 210.782 644.535
2456770.698902604 12837.35 210.775 644.53
2456770.719334292 12838.73 210.773 644.53
2456770.73976578 12840.61 210.781 644.531
2456770.760197468 12859.19 210.782 644.541
2456770.780629057 12853.24 210.78 644.534
2456770.801060544 12845.62 210.785 644.534
2456770.821492233 12842.57 210.78 644.536
2456770.841923821 12820.29 210.763 644.528
2456770.862355309 12832.43 210.786 644.534
2456770.882786997 12838.58 210.774 644.529
2456770.903218585 12846.28 210.767 644.538
2456770.923650073 12835.32 210.768 644.526
2456770.944081761 12826.13 210.766 644.518
2456770.964513349 12841.04 210.765 644.524
2456770.984944937 12833.62 210.761 644.525
2456771.005376525 12839.75 210.764 644.527
2456771.025808113 12848.43 210.765 644.527
2456771.046239801 12870.53 210.781 644.54
2456771.066671289 12901.54 210.799 644.545
2456771.087102877 12926.75 210.827 644.57
2456771.107534565 12972.8 210.856 644.594
2456771.127966153 12986.15 210.875 644.603
2456771.148397641 12998.23 210.895 644.618
2456771.168829329 13011.29 210.891 644.616
2456771.189260917 13017.35 210.89 644.614
2456771.209692405 13018.97 210.888 644.611
2456771.230124092 13024.02 210.881 644.608
2456771.25055558 13026.64 210.871 644.605
2456771.270987168 13019.32 210.849 644.582
2456771.291418856 12990.42 210.835 644.577
2456771.311850344 13019.21 210.825 644.571
2456771.332282031 12990.46 210.817 644.562
2456771.352713619 12984.46 210.822 644.563
2456771.373145107 13007.57 210.815 644.564
2456771.393576795 12998.97 210.803 644.551
2456771.434439871 13014.98 210.589 644.409
2456771.454871558 13015.84 210.609 644.446
2456771.475303146 13020.3 210.613 644.445
2456771.495734734 13034.68 210.602 644.462
2456771.516166321 13028.93 210.611 644.469
2456771.536597909 13040.04 210.63 644.481
2456771.557029497 13025.88 210.651 644.478
2456771.577461084 13029.28 210.647 644.49
2456771.597892672 13023.58 210.628 644.484
2456771.61832436 13054.18 210.628 644.486
2456771.638755947 13071.15 210.616 644.451
2456771.659187435 13070.63 210.615 644.46
2456771.679619123 13080.44 210.628 644.439
2456771.700050711 13097.25 210.606 644.439
2456771.720482198 13098.2 210.58 644.44
2456771.740913886 13093.72 210.572 644.43
2456771.761345474 13093.59 210.57 644.442
2456771.781776961 13105.33 210.57 644.417
2456771.802208649 13085.71 210.576 644.418
2456771.822640236 13107.97 210.561 644.422
2456771.843071724 13100.56 210.562 644.415
2456771.863503412 13109.98 210.563 644.421
2456771.883934999 13084.46 210.557 644.416
2456771.904366587 13098.75 210.562 644.399
2456771.924798174 13099.04 210.54 644.402
2456771.945229762 13092.98 210.544 644.4
2456771.96566135 13100.1 210.532 644.401
2456771.986092937 13082.51 210.532 644.399
2456772.006524525 13052.46 210.527 644.375
2456772.026956113 13087.54 210.517 644.385
2456772.0473877 13061.15 210.504 644.372
2456772.067819288 13050.81 210.495 644.365
2456772.088250875 13057.4 210.486 644.359
2456772.108682463 13054.62 210.487 644.348
2456772.129114151 13049.46 210.473 644.337
2456772.149545638 13034.95 210.457 644.338
2456772.169977226 13012.03 210.436 644.322
2456772.190408913 13000.69 210.412 644.294
2456772.210840501 13004.51 210.393 644.285
2456772.231271989 12989.97 210.37 644.264
2456772.251703676 12969.17 210.372 644.26
2456772.272135264 12968.98 210.375 644.251
2456772.292566751 12974.78 210.361 644.243
2456772.312998439 12969.44 210.339 644.239
2456772.333430026 12957.51 210.32 644.212
2456772.353861514 12950.34 210.298 644.208
2456772.374293202 12957.49 210.289 644.176
2456772.394724789 12982.92 210.796 644.592
2456772.415156477 13065.04 210.871 644.601
2456772.435587964 13044.5 210.853 644.59
2456772.456019552 13024.49 210.829 644.573
2456772.47645124 12987.18 210.797 644.547
2456772.496882727 12977.04 210.786 644.539
2456772.517314315 12976.15 210.767 644.543
2456772.537746002 12944.59 210.777 644.52
2456772.55817749 12960.26 210.767 644.524
2456772.578609078 12920.36 210.751 644.519
2456772.599040765 12924.55 210.743 644.51
2456772.619472253 12940.94 210.723 644.486
2456772.639903841 12932.16 210.668 644.492
2456772.660335529 12941.64 210.642 644.486
2456772.680767016 12973.46 210.6 644.444
2456772.701198704 12970.61 210.567 644.423
2456772.721630292 12972.59 210.55 644.404
2456772.742061779 12949.93 210.54 644.411
2456772.762493467 12955.86 210.524 644.375
2456772.782925054 12948.19 210.489 644.365
2456772.803356542 12952.54 210.471 644.349
2456772.82378823 12944.0 210.442 644.312
2456772.844219817 12941.55 210.415 644.293
2456772.864651305 12927.95 210.363 644.256
2456772.885082993 12928.5 210.33 644.219
2456772.905514581 12950.97 210.309 644.211
2456772.925946068 12963.81 210.3 644.194
2456772.946377756 12974.71 210.269 644.174
2456772.966809344 13010.92 210.228 644.153
2456772.987241032 13045.35 210.22 644.133
2456773.007672519 13073.54 210.185 644.108
2456773.028104107 13142.3 210.139 644.084
2456773.048535795 13213.5 210.094 644.049
2456773.068967283 13229.42 210.073 644.042
2456773.089398871 13285.81 210.054 644.031
2456773.109830559 13328.02 210.023 644.007
2456773.130262146 12932.99 210.74 644.559
2456773.150693634 13127.64 210.864 644.587
2456773.171125322 13118.91 210.817 644.563
2456773.19155691 13040.26 210.754 644.516
2456773.211988498 13051.07 210.727 644.493
2456773.232420086 13058.23 210.645 644.49
2456773.252851673 13106.62 210.618 644.457
2456773.273283261 13099.14 210.58 644.432
2456773.293714849 13107.69 210.551 644.408
2456773.314146437 13103.15 210.516 644.382
2456773.334578025 13107.17 210.461 644.336
2456773.355009613 13089.44 210.412 644.296
2456773.395872789 13073.81 210.562 644.433
2456773.416304377 13109.05 210.645 644.506
2456773.436735865 13126.58 210.628 644.456
2456773.457167553 13151.31 210.613 644.452
2456773.477599142 13147.62 210.559 644.421
2456773.49803083 13141.59 210.538 644.405
2456773.518462318 13130.91 210.501 644.391
2456773.538893905 13143.09 210.502 644.368
2456773.559325594 13135.99 210.484 644.345
2456773.579757082 13126.41 210.465 644.333
2456773.60018867 13115.56 210.425 644.285
2456773.620620358 12994.72 210.732 644.531
2456773.641051946 13447.64 211.029 644.774
2456773.661483434 13428.94 211.005 644.749
2456773.681915123 13424.33 210.981 644.754
2456773.702346711 13391.73 210.979 644.725
2456773.722778199 13358.04 210.947 644.703
2456773.743209887 13350.14 210.907 644.682
2456773.763641476 13351.4 210.907 644.685
2456773.784073064 13304.53 210.916 644.655
2456773.804504653 13237.3 210.907 644.609
2456773.824936241 13212.75 210.867 644.597
2456773.845367929 13174.6 210.831 644.569
2456773.865799418 13133.84 210.791 644.542
2456773.886231006 13102.32 210.766 644.523
2456773.906662694 13050.99 210.761 644.5
2456773.927094183 13072.78 210.68 644.522
2456773.947525771 13080.88 210.664 644.493
2456773.96795746 13085.07 210.632 644.481
2456773.988388948 13088.31 210.57 644.433
2456774.008820637 13100.55 210.557 644.392
2456774.029252125 13080.4 210.532 644.381
2456774.049683714 13042.31 210.492 644.355
2456774.070115402 13013.11 210.44 644.323
2456774.090546891 12997.44 210.404 644.284
2456774.110978479 13227.47 211.057 644.781
2456774.131410168 13411.23 211.106 644.827
2456774.151841657 13385.8 211.071 644.808
2456774.172273246 13359.15 211.05 644.789
2456774.192704934 13299.35 211.028 644.755
2456774.213136523 13240.6 210.978 644.721
2456774.233568012 13200.56 210.921 644.687
2456774.253999701 13156.94 210.93 644.663
2456774.27443129 13079.23 210.892 644.619
2456774.294862878 13040.17 210.872 644.594
2456774.315294467 12989.73 210.823 644.557
2456774.335726056 12980.11 210.76 644.52
2456774.356157745 12892.82 210.722 644.488
2456774.376589234 12907.14 210.663 644.488
2456774.397020823 12921.6 210.623 644.461
2456774.417452512 12917.92 210.569 644.431
2456774.437884001 12891.81 210.508 644.36
2456774.45831559 12886.67 210.456 644.33
2456774.478747279 12848.82 210.409 644.303
2456774.499178768 12836.34 210.383 644.269
2456774.519610457 12833.74 210.35 644.223
2456774.540042046 12839.51 210.283 644.177
2456774.560473535 12878.96 210.227 644.141
2456774.580905225 12914.25 210.189 644.113
2456774.601336814 12816.32 210.545 644.422
2456774.621768303 12836.7 210.542 644.4
2456774.642199992 12824.17 210.482 644.346
2456774.662631582 12796.49 210.423 644.307
2456774.683063171 12790.25 210.375 644.26
2456774.70349476 12771.82 210.321 644.218
2456774.72392635 12805.25 210.279 644.175
2456774.744357839 12845.34 210.211 644.135
2456774.764789529 12935.75 210.146 644.081
2456774.785221118 12989.95 210.108 644.055
2456774.805652708 13027.82 210.054 644.029
2456774.826084297 13080.43 209.994 643.993
2456774.846515887 12718.67 210.602 644.439
2456774.866947576 12787.44 210.633 644.475
2456774.887379066 12815.54 210.561 644.419
2456774.907810656 12797.35 210.503 644.371
2456774.928242345 12783.51 210.444 644.313
2456774.948673835 12765.53 210.352 644.239
2456774.969105425 12773.62 210.306 644.201
2456774.989537115 12822.15 210.254 644.156
2456775.009968604 12851.11 210.199 644.116
2456775.030400294 12973.83 210.115 644.068
2456775.050831884 13043.44 210.049 644.027
2456775.071263374 13104.8 209.995 643.988
2456775.091695064 12771.59 210.552 644.419
2456775.112126654 12837.83 210.559 644.404
2456775.132558144 12830.41 210.479 644.343
2456775.152989834 12811.36 210.401 644.289
2456775.173421424 12803.4 210.34 644.223
2456775.193853015 12843.75 210.271 644.167
2456775.214284604 12932.17 210.174 644.103
2456775.234716195 13035.09 210.108 644.058
2456775.255147885 13093.34 210.042 644.02
2456775.275579375 13136.24 209.979 643.982
2456775.296010965 13159.8 209.893 643.947
2456775.316442656 13125.06 209.835 643.909
2456775.357305737 12875.98 210.588 644.409
2456775.377737427 12930.73 210.596 644.429
2456775.398168918 12928.71 210.553 644.412
2456775.418600508 12929.57 210.533 644.395
2456775.439032199 12937.88 210.505 644.369
2456775.459463689 12933.2 210.483 644.347
2456775.47989528 12924.89 210.434 644.31
2456775.500326971 12920.38 210.387 644.281
2456775.520758461 12917.53 210.363 644.26
2456775.541190152 12921.25 210.328 644.226
2456775.561621743 12967.64 210.286 644.176
2456775.582053234 12964.37 210.798 644.584
2456775.602484925 13093.12 210.871 644.578
2456775.622916515 13032.3 210.837 644.559
2456775.643348007 12979.19 210.758 644.518
2456775.663779697 12963.7 210.721 644.488
2456775.684211289 12995.97 210.65 644.495
2456775.70464288 13012.49 210.648 644.492
2456775.725074471 13042.96 210.613 644.422
2456775.745506062 13035.83 210.566 644.415
2456775.765937753 13042.25 210.54 644.391
2456775.786369244 13071.84 210.497 644.369
2456775.806800836 13098.26 210.469 644.327
2456775.827232527 13038.11 210.427 644.291
2456775.847664118 13087.69 210.398 644.285
2456775.86809561 13000.13 210.358 644.238
2456775.888527301 13047.32 210.309 644.202
2456775.908958893 13044.34 210.269 644.182
2456775.929390384 13084.4 210.245 644.153
2456775.949822076 13123.61 210.198 644.117
2456775.970253667 13202.65 210.128 644.088
2456775.990685359 13237.32 210.086 644.056
2456776.011116851 13280.73 210.055 644.022
2456776.031548442 13300.89 210.025 643.996
2456776.051980034 13374.73 209.956 643.969
2456776.072411626 13006.76 210.457 644.342
2456776.092843218 13050.58 210.509 644.371
2456776.11327481 13055.82 210.463 644.332
2456776.133706402 13012.72 210.39 644.268
2456776.154137894 13027.61 210.319 644.217
2456776.174569586 13047.19 210.273 644.181
2456776.195001178 13076.55 210.242 644.144
2456776.21543277 13127.47 210.19 644.094
2456776.235864362 13169.82 210.14 644.074
2456776.256295955 13215.43 210.09 644.052
2456776.276727647 13244.21 210.049 644.028
2456776.297159139 13307.39 209.985 643.985
2456776.317590732 12791.67 210.803 644.593
2456776.338022424 13207.24 210.916 644.672
2456776.358454017 13095.0 210.892 644.612
2456776.378885509 13053.29 210.815 644.561
2456776.399317202 12972.11 210.782 644.529
2456776.419748794 12950.98 210.738 644.496
2456776.440180287 12967.0 210.659 644.484
2456776.46061198 13009.6 210.587 644.434
2456776.481043573 12976.43 210.553 644.393
2456776.501475265 12966.82 210.505 644.361
2456776.521906758 12961.43 210.45 644.331
2456776.542338351 12941.85 210.387 644.257
2456776.562770044 12926.48 210.342 644.22
2456776.583201537 12979.65 210.287 644.183
2456776.60363313 13003.77 210.235 644.141
2456776.624064824 13070.23 210.157 644.089
2456776.644496317 13126.27 210.106 644.06
2456776.66492791 13208.35 210.062 644.024
2456776.685359603 13246.31 210.0 643.99
2456776.705791097 13236.52 209.939 643.963
2456776.72622279 13241.8 209.888 643.939
2456776.746654383 13200.13 209.838 643.915
2456776.767085877 13148.04 209.76 643.857
2456776.78751757 13174.88 209.702 643.826
2456776.807949064 12885.64 210.341 644.256
2456776.828380657 12935.92 210.385 644.263
2456776.848812351 12957.21 210.307 644.195
2456776.869243845 12992.8 210.25 644.151
2456776.889675439 13056.45 210.195 644.107
2456776.910107133 13159.91 210.118 644.064
2456776.930538727 13198.36 210.058 644.028
2456776.950970221 13279.12 210.021 643.997
2456776.971401914 13268.78 209.964 643.974
2456776.991833509 13268.8 209.881 643.94
2456777.012265103 13239.79 209.83 643.903
2456777.032696697 13209.73 209.762 643.875
2456777.053128291 12792.9 210.629 644.463
2456777.073559985 13021.16 210.781 644.528
2456777.09399148 12984.93 210.717 644.486
2456777.114423074 13042.03 210.638 644.464
2456777.134854769 13059.21 210.56 644.399
2456777.155286264 13034.96 210.498 644.354
2456777.175717858 13043.73 210.446 644.313
2456777.196149553 13018.84 210.371 644.247
2456777.216581048 13033.89 210.3 644.187
2456777.237012742 13083.46 210.246 644.155
2456777.257444337 13155.13 210.199 644.107
2456777.277875832 13262.43 210.111 644.061
2456777.318739122 13129.51 210.821 644.562
2456777.339170717 13111.94 210.789 644.544
2456777.359602312 13078.92 210.752 644.524
2456777.380033907 13057.36 210.737 644.49
2456777.400465502 13084.61 210.71 644.468
2456777.420897098 13126.41 210.639 644.448
2456777.441328693 13129.84 210.595 644.427
2456777.461760289 13134.22 210.563 644.395
2456777.482191884 13119.99 210.514 644.37
2456777.50262348 13126.66 210.458 644.33
2456777.523055075 13111.4 210.423 644.307
2456777.543486671 13061.58 210.769 644.548
2456777.563918266 13259.86 210.913 644.624
2456777.584349962 13206.01 210.876 644.589
2456777.604781458 13187.4 210.834 644.568
2456777.625213054 13111.77 210.759 644.523
2456777.64564475 13094.99 210.734 644.48
2456777.666076246 13105.13 210.669 644.474
2456777.686507942 13151.31 210.603 644.438
2456777.706939538 13147.43 210.548 644.396
2456777.727371035 13128.73 210.499 644.357
2456777.747802731 13118.59 210.473 644.331
2456777.768234327 13101.73 210.401 644.263
2456777.788665824 13154.5 210.798 644.586
2456777.80909752 13176.39 210.841 644.569
2456777.829529117 13116.62 210.776 644.542
2456777.849960614 13075.97 210.735 644.49
2456777.87039231 13086.14 210.671 644.473
2456777.890823907 13124.48 210.623 644.436
2456777.911255504 13116.12 210.541 644.392
2456777.931687101 13075.99 210.492 644.342
2456777.952118698 13095.7 210.458 644.319
2456777.972550394 13067.07 210.381 644.255
2456777.992981992 13054.39 210.328 644.216
2456778.013413489 13082.43 210.279 644.18
2456778.033845186 13016.22 210.65 644.451
2456778.054276783 13043.34 210.664 644.482
2456778.074708281 13083.77 210.618 644.439
2456778.095139978 13061.13 210.574 644.416
2456778.115571576 13041.44 210.498 644.359
2456778.136003073 13048.26 210.464 644.316
2456778.156434771 13021.64 210.419 644.285
2456778.176866268 12997.64 210.345 644.213
2456778.197297966 12993.64 210.294 644.188
2456778.217729564 13024.27 210.244 644.144
2456778.238161062 13097.32 210.176 644.087
2456778.25859276 13150.76 210.131 644.064
2456778.279024358 12924.17 210.635 644.464
2456778.299455856 12948.35 210.647 644.461
2456778.319887554 12956.6 210.585 644.419
2456778.340319152 12982.4 210.525 644.375
2456778.360750651 12921.26 210.461 644.325
2456778.381182349 12898.89 210.401 644.265
2456778.401613947 12876.45 210.357 644.22
2456778.422045646 12894.83 210.292 644.176
2456778.442477145 12961.61 210.209 644.118
2456778.462908743 12989.63 210.178 644.097
2456778.483340442 13069.28 210.11 644.053
2456778.503771941 13104.72 210.04 644.007
2456778.52420354 12724.76 210.728 644.525
2456778.544635239 12887.41 210.823 644.554
2456778.565066838 12817.1 210.739 644.487
2456778.585498337 12848.29 210.645 644.472
2456778.605930036 12841.96 210.603 644.428
2456778.626361636 12837.37 210.512 644.352
2456778.646793235 12828.4 210.446 644.315
2456778.667224834 12803.81 210.404 644.271
2456778.687656434 12798.77 210.316 644.19
2456778.708088133 12847.44 210.26 644.153
2456778.728519633 12887.93 210.215 644.116
2456778.748951233 12985.62 210.128 644.061
2456778.769382932 12774.74 210.804 644.588
2456778.789814432 12904.21 210.896 644.597
2456778.810246032 12811.43 210.805 644.539
2456778.830677632 12764.69 210.754 644.498
2456778.851109232 12796.01 210.67 644.482
2456778.871540932 12815.99 210.575 644.409
2456778.891972432 12803.53 210.526 644.368
2456778.912404033 12810.84 210.462 644.316
2456778.932835733 12785.58 210.383 644.25
2456778.953267234 12799.87 210.327 644.197
2456778.973698834 12841.47 210.268 644.155
2456778.994130535 12925.8 210.189 644.095
2456779.014562035 12664.95 210.91 644.661
2456779.034993636 13169.31 211.03 644.769
2456779.055425337 13119.8 210.961 644.707
2456779.075856938 13026.43 210.936 644.646
2456779.096288539 12926.35 210.882 644.594
2456779.11672014 12823.34 210.793 644.525
2456779.137151741 12832.61 210.736 644.485
2456779.157583343 12870.09 210.641 644.45
2456779.178014944 12865.56 210.541 644.383
2456779.198446545 12880.51 210.493 644.332
2456779.218878247 12859.95 210.414 644.28
2456779.239309749 12871.01 210.337 644.202
2456779.280173052 13144.28 210.968 644.69
2456779.300604554 13142.07 210.933 644.687
2456779.321036255 13124.81 210.911 644.663
2456779.341467858 13044.62 210.906 644.616
2456779.36189936 13008.54 210.875 644.583
2456779.382331062 12958.33 210.844 644.548
2456779.402762664 12928.14 210.79 644.526
2456779.423194166 12912.87 210.747 644.499
2456779.443625869 12911.2 210.686 644.506
2456779.464057471 12968.02 210.645 644.456
2456779.484488974 12990.63 210.621 644.433
2456779.504920675 12950.86 210.599 644.409
2456779.525352178 12958.71 210.56 644.362
2456779.545783881 12988.98 210.503 644.352
2456779.566215484 13071.24 210.478 644.317
2456779.586647087 12988.36 210.414 644.289
2456779.60707869 13008.99 210.385 644.26
2456779.627510293 13015.52 210.359 644.202
2456779.647941897 13023.19 210.296 644.176
2456779.6683735 13082.83 210.264 644.148
2456779.688805103 13102.98 210.211 644.122
2456779.709236707 13175.86 210.167 644.084
2456779.72966831 13205.04 210.173 644.066
2456779.750099914 12991.48 210.642 644.451
2456779.770531618 13055.94 210.655 644.466
2456779.790963222 13077.23 210.627 644.436
2456779.811394725 13065.17 210.574 644.404
2456779.831826429 13078.91 210.549 644.366
2456779.852258034 13063.33 210.503 644.342
2456779.872689538 13113.32 210.452 644.299
2456779.893121242 13052.6 210.395 644.267
2456779.913552846 13040.79 210.368 644.242
2456779.933984351 13049.0 210.314 644.185
2456779.954416056 13065.47 210.311 644.155
2456779.97484766 13104.31 210.255 644.131
2456779.995279365 13076.82 210.836 644.605
2456780.01571087 13187.32 210.914 644.615
2456780.036142475 13152.05 210.898 644.601
2456780.05657418 13136.98 210.842 644.55
2456780.077005685 13039.22 210.798 644.537
2456780.09743729 13004.54 210.768 644.5
2456780.117868895 13002.25 210.717 644.441
2456780.1383005 13030.16 210.648 644.448
2456780.158732106 13036.98 210.599 644.415
2456780.179163811 13027.04 210.53 644.358
2456780.199595317 13027.5 210.49 644.329
2456780.220027023 13027.2 210.449 644.286
2456780.240458629 12989.23 210.532 644.36
2456780.260890135 13013.87 210.525 644.358
2456780.28132184 13007.51 210.453 644.305
2456780.301753446 12986.82 210.403 644.26
2456780.322184953 12977.5 210.357 644.215
2456780.342616659 12998.13 210.288 644.161
2456780.363048265 13039.5 210.245 644.13
2456780.383479772 13080.61 210.205 644.096
2456780.403911478 13166.24 210.13 644.051
2456780.424343085 13197.75 210.087 644.034
2456780.444774792 13214.48 210.045 644.011
2456780.465206299 13264.63 209.992 643.968
2456780.485637906 12924.8 210.502 644.332
2456780.506069613 12952.19 210.513 644.338
2456780.52650112 12949.1 210.436 644.28
2456780.546932727 12940.39 210.376 644.237
2456780.567364434 12934.38 210.294 644.169
2456780.587795942 13019.13 210.234 644.119
2456780.608227549 13044.97 210.196 644.097
2456780.628659257 13129.26 210.139 644.053
2456780.649090765 13177.7 210.079 644.031
2456780.669522472 13225.92 210.039 643.996
2456780.68995408 13257.82 209.978 643.958
2456780.710385688 13252.81 209.921 643.945
2456780.730817297 12886.75 210.609 644.427
2456780.751248905 12960.73 210.637 644.439
2456780.771680513 12964.87 210.577 644.4
2456780.792112121 12934.91 210.509 644.343
2456780.81254373 12969.96 210.455 644.287
2456780.832975338 12934.58 210.401 644.251
2456780.853406947 12964.38 210.323 644.198
2456780.873838556 12970.97 210.284 644.146
2456780.894270164 13039.44 210.22 644.112
2456780.914701774 13139.51 210.149 644.063
2456780.935133383 13197.28 210.103 644.028
2456780.955565092 13228.54 210.03 643.998
2456780.975996601 12872.33 210.822 644.586
2456780.99642821 13168.99 210.932 644.632
2456781.01685992 13045.21 210.849 644.562
2456781.037291429 12946.38 210.803 644.514
2456781.057723039 12965.04 210.754 644.478
2456781.078154749 13001.33 210.648 644.452
2456781.098586259 13030.58 210.607 644.413
2456781.119017969 13041.16 210.547 644.377
2456781.139449579 13028.3 210.494 644.319
2456781.159881089 13036.33 210.444 644.288
2456781.180312799 13031.0 210.374 644.227
2456781.20074441 13082.24 210.321 644.177
2456781.241607631 13058.3 210.651 644.409
2456781.262039242 13059.36 210.657 644.442
2456781.282470853 13090.38 210.619 644.422
2456781.302902463 13083.56 210.586 644.403
2456781.323334075 13084.37 210.573 644.39
2456781.343765785 13099.11 210.535 644.357
2456781.364197297 13079.28 210.504 644.329
2456781.384628908 13090.94 210.479 644.313
2456781.40506062 13084.09 210.425 644.278
2456781.425492231 13099.68 210.387 644.256
2456781.445923743 13081.04 210.368 644.214
2456781.466355455 13034.05 210.75 644.52
2456781.486786966 13078.75 210.825 644.524
2456781.507218678 13054.79 210.789 644.476
2456781.52765029 13089.91 210.696 644.484
2456781.548081902 13116.2 210.669 644.464
2456781.568513515 13130.16 210.613 644.424
2456781.588945127 13124.37 210.577 644.401
2456781.60937664 13129.4 210.559 644.372
2456781.629808352 13149.23 210.527 644.343
2456781.650239965 13134.48 210.497 644.322
2456781.670671478 13128.14 210.445 644.285
2456781.691103191 13124.36 210.401 644.259
2456781.711534804 13073.0 210.591 644.389
2456781.731966517 13124.03 210.562 644.364
2456781.75239803 13113.78 210.506 644.326
2456781.772829643 13121.98 210.471 644.299
2456781.793261357 13100.35 210.409 644.255
2456781.813692871 13098.95 210.379 644.234
2456781.834124484 13104.26 210.354 644.197
2456781.854556198 13110.72 210.291 644.158
2456781.874987712 13123.77 210.261 644.137
2456781.895419326 13182.29 210.202 644.103
2456781.91585104 13255.62 210.164 644.069
2456781.936282654 13276.79 210.143 644.042
2456781.956714269 13052.92 210.567 644.364
2456781.977145883 13067.92 210.576 644.384
2456781.997577498 13073.73 210.522 644.344
2456782.018009113 13040.09 210.453 644.293
2456782.038440727 13030.26 210.422 644.266
2456782.058872342 13026.4 210.354 644.205
2456782.079304057 13040.26 210.288 644.164
2456782.099735572 13073.13 210.237 644.126
2456782.120167187 13193.77 210.173 644.054
2456782.140598903 13241.47 210.118 644.035
2456782.161030419 13249.97 210.059 643.995
2456782.181462134 13299.3 209.986 643.971
2456782.20189375 12959.97 210.466 644.319
2456782.222325265 12979.81 210.494 644.306
2456782.242756981 12960.46 210.427 644.264
2456782.263188498 12952.37 210.373 644.215
2456782.283620114 12961.47 210.3 644.167
2456782.30405183 13001.2 210.25 644.127
2456782.324483347 13065.57 210.191 644.08
2456782.344915063 13150.88 210.113 644.035
2456782.365346679 13172.36 210.065 644.013
2456782.385778196 13220.67 210.015 643.97
2456782.406209913 13242.94 209.952 643.945
2456782.42664153 13217.61 209.9 643.924
2456782.447073147 12875.75 210.321 644.194
2456782.467504764 12866.22 210.366 644.212
2456782.487936382 12893.73 210.305 644.157
2456782.508367999 12959.01 210.228 644.103
2456782.528799617 13023.42 210.174 644.071
2456782.549231234 13058.1 210.117 644.044
2456782.569662952 13129.17 210.049 643.994
2456782.59009457 13146.07 209.999 643.972
2456782.610526088 13178.1 209.933 643.937
2456782.630957806 13142.08 209.89 643.918
2456782.651389425 13111.29 209.819 643.876
2456782.671820943 13051.13 209.751 643.837
2456782.692252662 12413.56 210.889 644.636
2456782.71268428 13171.2 211.048 644.75
2456782.733115799 13120.15 210.985 644.711
2456782.753547518 13053.67 210.935 644.67
2456782.773979137 12918.94 210.898 644.583
2456782.794410856 12836.2 210.849 644.539
2456782.814842375 12812.44 210.786 644.499
2456782.835273995 12814.45 210.684 644.471
2456782.855705714 12841.87 210.631 644.427
2456782.876137233 12832.3 210.558 644.367
2456782.896568753 12838.33 210.5 644.315
2456782.917000473 12834.99 210.422 644.261
2456782.937432093 12749.8 210.889 644.628
2456782.957863713 13252.52 211.085 644.783
2456782.978295333 13139.78 211.012 644.729
2456782.998726954 13102.25 210.943 644.68
2456783.019158674 13042.28 210.89 644.624
2456783.039590195 12827.9 210.831 644.533
2456783.060021815 12822.09 210.771 644.488
2456783.080453536 12869.17 210.653 644.44
2456783.100885157 12879.99 210.572 644.373
2456783.121316678 12878.04 210.503 644.322
2456783.141748399 12869.97 210.405 644.246
2456783.162180021 12877.11 210.334 644.185
2456783.203043264 12904.56 210.573 644.377
2456783.223474885 12903.65 210.575 644.385
2456783.243906607 12903.17 210.526 644.356
2456783.264338129 12901.63 210.476 644.328
2456783.284769751 12922.99 210.48 644.3
2456783.305201474 12915.53 210.434 644.258
2456783.325632996 12927.46 210.427 644.229
2456783.346064618 12934.24 210.381 644.206
2456783.366496341 12934.23 210.319 644.171
2456783.386927864 12962.12 210.284 644.153
2456783.407359586 13018.07 210.227 644.112
2456783.427791209 12926.21 210.532 644.341
2456783.448222732 12960.43 210.55 644.357
2456783.468654456 12975.54 210.491 644.311
2456783.489086079 12983.09 210.459 644.286
2456783.509517603 12970.31 210.394 644.243
2456783.529949326 12961.03 210.35 644.217
2456783.55038085 12982.71 210.34 644.187
2456783.570812574 13041.46 210.27 644.125
2456783.591244197 13054.88 210.249 644.1
2456783.611675722 13147.33 210.184 644.07
2456783.632107446 13216.8 210.13 644.036
2456783.65253907 13248.59 210.083 644.017
2456783.672970695 12863.47 210.804 644.56
2456783.693402319 13205.27 210.889 644.642
2456783.713833944 13086.3 210.905 644.58
2456783.734265569 13018.78 210.85 644.531
2456783.754697194 12945.41 210.804 644.507
2456783.775128819 12977.59 210.747 644.459
2456783.795560544 13029.43 210.657 644.446
2456783.81599217 13044.81 210.618 644.415
2456783.836423696 13043.6 210.558 644.353
2456783.856855421 13037.75 210.516 644.315
2456783.877287047 13026.32 210.451 644.286
2456783.897718573 13031.17 210.392 644.233
2456783.918150299 13123.98 210.935 644.666
2456783.938581925 13256.07 210.943 644.674
2456783.959013452 13225.06 210.918 644.639
2456783.979445178 13075.82 210.887 644.572
2456783.999876805 12998.02 210.823 644.532
2456784.020308531 12961.88 210.761 644.481
2456784.040740058 12996.8 210.68 644.463
2456784.061171685 13026.99 210.649 644.41
2456784.081603413 13020.43 210.6 644.386
2456784.10203494 13010.2 210.527 644.341
2456784.122466567 12994.41 210.473 644.304
2456784.142898295 12980.44 210.423 644.254
2456784.163329822 13058.91 210.903 644.634
2456784.18376145 13212.79 210.931 644.656
2456784.204193078 13066.48 210.887 644.583
2456784.224624706 12964.76 210.841 644.532
2456784.245056435 12902.06 210.801 644.488
2456784.265487963 12942.46 210.726 644.447
2456784.285919591 12979.87 210.643 644.427
2456784.30635132 12983.77 210.57 644.377
2456784.326782949 12962.92 210.506 644.33
2456784.347214478 12985.6 210.47 644.284
2456784.367646207 12956.88 210.389 644.218
2456784.388077836 12944.48 210.341 644.184
2456784.408509465 12970.99 210.848 644.594
2456784.428941095 13025.19 210.899 644.579
2456784.449372725 12935.12 210.85 644.537
2456784.469804454 12879.76 210.774 644.484
2456784.490235984 12914.14 210.68 644.467
2456784.510667614 12943.98 210.63 644.41
2456784.531099344 12936.5 210.556 644.36
2456784.551530875 12939.94 210.497 644.313
2456784.571962505 12929.74 210.424 644.273
2456784.592394236 12938.85 210.371 644.206
2456784.612825767 12915.78 210.327 644.168
2456784.633257497 13001.25 210.248 644.114
2456784.653689128 12876.69 210.691 644.466
2456784.674120659 12908.14 210.731 644.449
2456784.694552391 12942.98 210.631 644.422
2456784.714984022 12939.72 210.562 644.371
2456784.735415654 12981.76 210.492 644.302
2456784.755847286 12922.81 210.424 644.259
2456784.776278917 12916.38 210.355 644.193
2456784.796710549 12958.25 210.283 644.146
2456784.817142182 13029.44 210.231 644.104
2456784.837573814 13140.47 210.147 644.044
2456784.858005446 13200.05 210.08 644.004
2456784.878437079 13238.39 209.996 643.966
2456784.898868712 12770.29 210.763 644.523
2456784.919300344 13009.67 210.846 644.541
2456784.939731977 12918.83 210.769 644.481
2456784.960163611 12967.13 210.666 644.443
2456784.980595344 12994.43 210.598 644.395
2456785.001026877 12980.85 210.513 644.328
2456785.021458611 12998.63 210.468 644.285
2456785.041890244 12988.3 210.375 644.213
2456785.062321778 13000.52 210.305 644.16
2456785.082753513 13070.88 210.24 644.106
2456785.103185147 13154.2 210.161 644.062
2456785.123616681 13291.6 210.101 644.021
2456785.16448005 12781.62 210.704 644.495
2456785.184911585 13073.45 210.851 644.552
2456785.20534332 12984.86 210.821 644.504
2456785.225774955 12988.28 210.753 644.508
2456785.24620669 13013.15 210.704 644.455
2456785.266638225 13062.52 210.655 644.419
2456785.287069861 13069.91 210.58 644.387
2456785.307501596 13078.97 210.53 644.335
2456785.327933132 13079.96 210.485 644.315
2456785.348364768 13069.92 210.433 644.264
2456785.368796504 13078.87 210.385 644.215
2456785.38922804 13125.13 210.881 644.617
2456785.409659677 13179.46 210.911 644.596
2456785.430091413 13150.29 210.858 644.567
2456785.45052305 13006.16 210.798 644.501
2456785.470954687 13022.16 210.765 644.477
2456785.491386324 13052.62 210.7 644.444
2456785.511817961 13110.35 210.608 644.393
2456785.532249598 13128.51 210.563 644.356
2456785.552681236 13114.34 210.473 644.289
2456785.573112773 13097.49 210.425 644.255
2456785.593544511 13076.83 210.367 644.216
2456785.613976149 13114.38 210.292 644.149
2456785.634407787 12981.73 210.688 644.459
2456785.654839425 13052.32 210.755 644.446
2456785.675271064 13092.14 210.653 644.437
2456785.695702802 13115.75 210.609 644.396
2456785.716134341 13099.17 210.526 644.344
2456785.736565979 13110.3 210.494 644.299
2456785.756997718 13090.06 210.442 644.26
2456785.777429258 13087.91 210.365 644.208
2456785.797860897 13081.34 210.306 644.163
2456785.818292636 13134.57 210.244 644.111
2456785.838724175 13186.66 210.205 644.087
2456785.859155915 13241.88 210.163 644.052
2456785.879587555 13029.72 210.827 644.561
2456785.900019095 13153.32 210.896 644.582
2456785.920450835 12998.09 210.811 644.509
2456785.940882476 13022.9 210.744 644.476
2456785.961314116 13073.4 210.652 644.414
2456785.981745757 13056.03 210.594 644.373
2456786.002177398 13065.48 210.552 644.345
2456786.022609039 13052.4 210.454 644.275
2456786.04304068 13017.03 210.401 644.248
2456786.063472321 13009.11 210.364 644.201
2456786.083904062 13014.66 210.313 644.156
2456786.104335704 13048.61 210.255 644.122
2456786.124767246 13034.54 210.913 644.646
2456786.145198988 13233.79 210.944 644.667
2456786.16563063 13113.0 210.894 644.605
2456786.186062172 12967.15 210.828 644.519
2456786.206493914 12909.41 210.77 644.468
2456786.226925457 12945.5 210.649 644.433
2456786.247357199 12945.93 210.567 644.374
2456786.267788842 12952.91 210.503 644.315
2456786.288220386 12935.76 210.428 644.247
2456786.308652129 12928.19 210.373 644.207
2456786.329083772 12926.94 210.302 644.155
2456786.349515315 12963.66 210.256 644.123
2456786.369947059 12877.92 210.633 644.412
2456786.390378703 12900.63 210.612 644.401
2456786.410810247 12912.81 210.56 644.355
2456786.431241991 12896.04 210.465 644.285
2456786.451673635 12874.91 210.375 644.22
2456786.47210538 12872.04 210.315 644.15
2456786.492536924 12966.87 210.208 644.096
2456786.512968569 13049.68 210.152 644.039
2456786.533400314 13110.57 210.065 644.001
2456786.553831859 13175.2 209.99 643.946
2456786.574263504 13170.64 209.917 643.922
2456786.59469525 13093.42 209.833 643.877
2456786.615126895 12811.92 210.443 644.279
2456786.635558541 12839.94 210.451 644.27
2456786.655990187 12830.92 210.373 644.213
2456786.676421833 12834.29 210.297 644.145
2456786.696853479 12954.53 210.216 644.085
2456786.717285126 13002.77 210.147 644.049
2456786.737716772 13101.08 210.064 643.998
2456786.758148519 13135.64 210.016 643.958
2456786.778580065 13143.42 209.952 643.946
2456786.799011712 13138.36 209.893 643.902
2456786.81944336 13110.3 209.836 643.879
2456786.839875007 13080.5 209.763 643.836
2456786.860306755 12660.5 210.333 644.2
2456786.880738303 12852.01 210.489 644.307
2456786.90116995 12848.97 210.431 644.251
2456786.921601698 12833.89 210.352 644.18
2456786.942033247 12893.99 210.266 644.13
2456786.962464895 12984.62 210.203 644.078
2456786.982896643 13077.89 210.128 644.031
2456787.003328192 13140.46 210.037 643.977
2456787.023759841 13184.78 209.966 643.944
2456787.04419159 13160.55 209.882 643.902
2456787.064623139 13126.04 209.817 643.867
2456787.085054888 13098.94 209.741 643.813
2456787.125918188 12946.14 210.898 644.573
2456787.146349838 12918.16 210.852 644.55
2456787.166781487 12885.26 210.825 644.537
2456787.187213138 12816.7 210.799 644.499
2456787.207644788 12871.06 210.749 644.461
2456787.228076438 12903.97 210.738 644.435
2456787.248508189 12923.03 210.653 644.408
2456787.26893974 12935.15 210.614 644.364
2456787.289371391 12943.11 210.545 644.343
2456787.309803143 12939.31 210.494 644.307
2456787.330234794 12948.51 210.463 644.276
2456787.350666346 12887.77 210.701 644.473
2456787.371098097 12890.34 210.76 644.466
2456787.391529749 12938.92 210.685 644.462
2456787.411961301 12964.7 210.634 644.41
2456787.432393053 12973.5 210.58 644.373
2456787.452824706 12959.43 210.508 644.33
2456787.473256358 12980.7 210.492 644.294
2456787.493688011 12984.98 210.442 644.257
2456787.514119664 12973.97 210.392 644.221
2456787.534551417 12998.5 210.369 644.185
2456787.55498297 13004.71 210.293 644.134
2456787.575414624 13042.22 210.251 644.112
2456787.595846277 12962.83 210.51 644.317
2456787.616277931 12999.53 210.492 644.306
2456787.636709685 13009.4 210.447 644.282
2456787.657141239 13007.89 210.403 644.212
2456787.677572893 12992.24 210.35 644.182
2456787.698004648 13034.91 210.291 644.139
2456787.718436203 13083.31 210.234 644.103
2456787.738867857 13138.5 210.189 644.077
2456787.759299613 13242.13 210.141 644.025
2456787.779731167 13277.9 210.091 644.002
2456787.800162823 13313.0 210.018 643.966
2456787.820594579 13364.71 209.963 643.94
2456787.841026234 12975.14 210.48 644.3
2456787.86145789 13025.77 210.504 644.316
2456787.881889546 13018.77 210.462 644.275
2456787.902321202 13013.3 210.402 644.224
2456787.922752859 13001.06 210.341 644.172
2456787.943184515 13030.64 210.285 644.144
2456787.963616172 13101.53 210.22 644.094
2456787.984047929 13144.48 210.178 644.074
2456788.004479486 13248.0 210.116 644.013
2456788.024911143 13276.98 210.069 643.979
2456788.045342901 13329.23 209.996 643.951
2456788.065774458 13334.1 209.929 643.928
2456788.086206216 12833.99 210.652 644.436
2456788.106637874 12900.76 210.757 644.459
2456788.127069432 12993.01 210.666 644.437
2456788.147501191 12990.14 210.597 644.395
2456788.167932849 12961.26 210.529 644.332
2456788.188364408 12970.66 210.486 644.288
2456788.208796167 12949.97 210.411 644.217
2456788.229227726 12951.88 210.347 644.178
2456788.249659485 12973.64 210.283 644.131
2456788.270091145 13048.37 210.214 644.087
2456788.290522704 13093.29 210.163 644.054
2456788.310954464 13196.75 210.097 644.005
2456788.331386124 12897.17 210.393 644.219
2456788.351817784 12937.79 210.372 644.206
2456788.372249444 12926.05 210.308 644.151
2456788.392681105 12969.07 210.25 644.111
2456788.413112766 13065.03 210.181 644.055
2456788.433544427 13136.77 210.126 644.028
2456788.453976088 13178.56 210.075 644.0
2456788.474407849 13211.76 210.007 643.96
2456788.49483951 13232.56 209.962 643.933
2456788.515271072 13215.12 209.885 643.904
2456788.535702834 13175.84 209.831 643.877
2456788.556134495 13128.35 209.763 643.829
2456788.576566058 12821.05 210.389 644.244
2456788.59699782 12927.26 210.511 644.302
2456788.617429483 12894.16 210.424 644.245
2456788.637861245 12873.69 210.362 644.192
2456788.658292808 12890.3 210.273 644.132
2456788.678724471 12956.65 210.212 644.086
2456788.699156235 13080.62 210.132 644.042
2456788.719587798 13147.4 210.076 644.003
2456788.740019462 13181.8 209.997 643.962
2456788.760451226 13207.61 209.924 643.925
2456788.780882789 13173.28 209.879 643.906
2456788.801314454 13133.05 209.782 643.851
2456788.821746218 12865.57 210.401 644.254
2456788.842177783 12959.36 210.484 644.298
2456788.862609547 12921.55 210.374 644.202
2456788.883041112 12928.33 210.319 644.156
2456788.903472777 13042.78 210.219 644.082
2456788.923904542 13131.39 210.151 644.041
2456788.944336108 13207.04 210.067 643.995
2456788.964767774 13250.37 209.998 643.948
2456788.985199539 13302.91 209.93 643.923
2456789.005631206 13248.82 209.849 643.882
2456789.026062872 13216.7 209.779 643.844
2456789.046494538 13227.26 209.692 643.767
2456789.087357872 12995.17 210.616 644.38
2456789.107789539 12995.96 210.606 644.347
2456789.128221206 13009.02 210.544 644.342
2456789.148652973 13015.31 210.476 644.285
2456789.169084541 13004.03 210.444 644.269
2456789.189516209 13021.95 210.394 644.218
2456789.209947976 13008.63 210.363 644.19
2456789.230379545 13029.48 210.325 644.161
2456789.250811313 13085.58 210.269 644.111
2456789.271242981 13135.65 210.227 644.093
2456789.29167455 13195.4 210.153 644.058
2456789.312106319 12927.06 210.389 644.219
2456789.332537988 13078.35 210.428 644.247
2456789.352969558 13077.3 210.38 644.202
2456789.373401327 13079.97 210.343 644.163
2456789.393832996 13135.13 210.301 644.112
2456789.414264766 13167.17 210.241 644.09
2456789.434696336 13229.31 210.179 644.067
2456789.455128007 13323.89 210.136 644.029
2456789.475559777 13353.28 210.084 644.01
2456789.495991347 13390.83 210.045 643.974
2456789.516423018 13424.46 210.01 643.946
2456789.536854689 13439.67 209.936 643.922
2456789.55728636 13039.94 210.485 644.298
2456789.577718032 13141.88 210.599 644.374
2456789.598149703 13131.87 210.547 644.336
2456789.618581375 13131.09 210.489 644.304
2456789.639013147 13109.82 210.446 644.254
2456789.65944472 13117.47 210.406 644.206
2456789.679876392 13119.34 210.312 644.153
2456789.700308164 13155.54 210.273 644.123
2456789.720739837 13230.26 210.21 644.075
2456789.74117141 13306.6 210.152 644.042
2456789.761603183 13361.02 210.123 644.009
2456789.782034856 13388.6 210.027 643.977
2456789.80246643 13058.77 210.484 644.306
2456789.822898204 13104.44 210.537 644.33
2456789.843329878 13124.73 210.482 644.281
2456789.863761652 13076.33 210.419 644.253
2456789.884193226 13082.1 210.351 644.174
2456789.904624901 13095.09 210.317 644.139
2456789.925056675 13162.02 210.249 644.088
2456789.94548825 13227.33 210.182 644.057
2456789.965919925 13304.17 210.116 644.015
2456789.9863517 13323.86 210.064 643.989
2456790.006783276 13358.34 210.02 643.958
2456790.027215052 13389.74 209.948 643.927
2456790.047646728 12886.83 210.536 644.338
2456790.068078304 13026.01 210.643 644.415
2456790.08851008 13026.59 210.598 644.378
2456790.108941757 13006.73 210.558 644.338
2456790.129373333 13002.28 210.49 644.282
2456790.14980511 12988.94 210.444 644.246
2456790.170236787 12962.01 210.36 644.182
2456790.190668465 12959.32 210.322 644.153
2456790.211100142 13014.13 210.236 644.106
2456790.23153182 13080.32 210.201 644.056
2456790.251963498 13171.94 210.128 644.022
2456790.272395176 13195.76 210.059 643.978
2456790.292826854 12853.97 210.35 644.187
2456790.313258532 12898.69 210.348 644.171
2456790.333690211 12924.34 210.297 644.135
2456790.35412189 12953.38 210.241 644.092
2456790.374553669 13052.3 210.165 644.038
2456790.394985248 13118.44 210.105 644.016
2456790.415417028 13157.7 210.043 643.962
2456790.435848708 13188.72 209.989 643.945
2456790.456280288 13159.45 209.91 643.912
2456790.476712068 13142.07 209.852 643.882
2456790.497143748 13096.07 209.802 643.845
2456790.517575329 13068.0 209.74 643.789
2456790.538007109 12750.76 210.31 644.167
2456790.55843879 12819.56 210.433 644.239
2456790.578870571 12800.26 210.374 644.196
2456790.599302153 12833.79 210.287 644.125
2456790.619733834 12862.44 210.249 644.103
2456790.640165616 12948.01 210.17 644.048
2456790.660597198 13043.74 210.107 644.003
2456790.68102888 13081.25 210.05 643.981
2456790.701460662 13099.54 209.99 643.936
2456790.721892245 13126.83 209.94 643.92
2456790.742323928 13088.62 209.864 643.889
2456790.762755711 13022.64 209.828 643.855
2456790.783187394 12702.72 210.496 644.304
2456790.803619077 12805.59 210.635 644.394
2456790.824050761 12808.87 210.571 644.343
2456790.844482445 12797.6 210.492 644.294
2456790.864914129 12783.12 210.439 644.242
2456790.885345813 12784.4 210.359 644.182
2456790.905777398 12795.7 210.312 644.147
2456790.926209182 12887.31 210.24 644.084
2456790.946640867 12940.32 210.181 644.054
2456790.967072552 13047.45 210.098 644.006
2456790.987504237 13087.8 210.058 643.97
2456791.007935923 13125.24 209.993 643.943
2456791.048799295 12836.97 210.581 644.352
2456791.069230981 12830.91 210.483 644.279
2456791.089662767 12817.44 210.415 644.241
2456791.110094353 12828.7 210.361 644.184
2456791.13052604 12839.16 210.299 644.153
2456791.150957827 12904.11 210.263 644.103
2456791.171389414 12948.49 210.221 644.071
2456791.191821202 12984.24 210.191 644.042
2456791.212252889 13110.76 210.115 644.005
2456791.232684477 13127.51 210.102 643.983
2456791.253116265 13170.68 210.021 643.966
2456791.273547953 12710.93 210.362 644.194
2456791.293979541 12884.28 210.515 644.303
2456791.31441133 12890.76 210.467 644.277
2456791.334843019 12893.67 210.435 644.251
2456791.355274808 12889.91 210.388 644.202
2456791.375706397 12890.05 210.349 644.164
2456791.396138087 12928.95 210.295 644.123
2456791.416569876 12974.96 210.258 644.106
2456791.437001466 13027.3 210.198 644.08
2456791.457433156 13085.37 210.178 644.051
2456791.477864947 13179.51 210.122 644.013
2456791.498296637 13210.93 210.083 643.987
2456791.518728228 12873.47 210.514 644.309
2456791.539160019 12966.28 210.594 644.355
2456791.55959161 12959.54 210.55 644.326
2456791.580023401 12973.3 210.497 644.271
2456791.600455093 12962.96 210.436 644.256
2456791.620886685 12951.99 210.403 644.216
2456791.641318477 12958.21 210.34 644.177
2456791.661750169 12981.65 210.324 644.143
2456791.682181762 13024.89 210.28 644.103
2456791.702613554 13055.37 210.23 644.088
2456791.723045247 13167.87 210.179 644.042
2456791.74347704 13198.28 210.133 644.031
2456791.763908634 12911.02 210.455 644.26
2456791.784340328 12985.71 210.536 644.325
2456791.804772121 13011.17 210.514 644.285
2456791.825203715 13006.03 210.458 644.249
2456791.845635409 13002.72 210.415 644.231
2456791.866067204 12987.18 210.359 644.176
2456791.886498799 12987.79 210.326 644.149
2456791.906930493 13032.07 210.272 644.117
2456791.927362288 13080.84 210.241 644.088
2456791.947793884 13136.85 210.178 644.055
2456791.968225679 13189.15 210.145 644.024
2456791.988657375 13250.71 210.086 643.995
2456792.009089071 12903.2 210.495 644.299
2456792.029520767 12985.96 210.568 644.35
2456792.049952463 12983.81 210.513 644.29
2456792.07038416 12981.4 210.483 644.265
2456792.090815857 12955.69 210.418 644.213
2456792.111247554 12953.99 210.372 644.185
2456792.131679351 12953.14 210.316 644.146
2456792.152111049 12990.56 210.271 644.112
2456792.172542647 13020.72 210.241 644.088
2456792.192974444 13077.02 210.19 644.056
2456792.213406043 13139.39 210.142 644.027
2456792.233837741 13183.33 210.093 643.997
2456792.254269539 12877.53 210.497 644.304
2456792.274701138 12912.64 210.55 644.315
2456792.295132937 12917.18 210.484 644.268
2456792.315564637 12893.01 210.434 644.234
2456792.335996236 12892.27 210.381 644.194
2456792.356428036 12872.44 210.337 644.17
2456792.376859736 12908.91 210.277 644.117
2456792.397291336 12951.54 210.258 644.092
2456792.417723136 13033.56 210.186 644.049
2456792.438154837 13085.45 210.145 644.032
2456792.458586438 13136.47 210.087 643.99
2456792.479018239 13166.01 210.031 643.96
2456792.49944994 12854.68 210.447 644.252
2456792.519881742 12870.94 210.446 644.245
2456792.540313343 12860.58 210.397 644.207
2456792.560745045 12885.82 210.329 644.149
2456792.581176847 12895.17 210.285 644.12
2456792.60160845 12972.34 210.225 644.077
2456792.622040152 13013.63 210.169 644.046
2456792.642471955 13106.34 210.122 644.015
2456792.662903658 13144.6 210.074 643.981
2456792.683335362 13156.15 210.03 643.957
2456792.703767065 13237.28 209.965 643.919
2456792.724198769 13228.77 209.921 643.913
2456792.744630473 12618.79 210.692 644.456
2456792.765062177 12988.15 210.9 644.592
2456792.785493881 12874.99 210.873 644.534
2456792.805925586 12822.5 210.81 644.482
2456792.826357291 12837.15 210.757 644.436
2456792.846788996 12894.17 210.664 644.415
2456792.867220801 12915.11 210.611 644.372
2456792.887652407 12896.77 210.533 644.311
2456792.908084213 12891.6 210.477 644.273
2456792.928515819 12918.74 210.406 644.206
2456792.948947525 12896.05 210.348 644.164
2456792.969379331 12953.61 210.291 644.12
2456793.010242645 12904.5 210.542 644.313
2456793.030674452 12950.72 210.525 644.298
2456793.051106059 12942.39 210.479 644.266
2456793.071537867 12943.42 210.397 644.224
2456793.091969575 12953.87 210.364 644.185
2456793.112401183 12993.11 210.286 644.135
2456793.132832991 13011.7 210.28 644.11
2456793.1532647 13063.21 210.232 644.086
2456793.173696309 13151.28 210.202 644.044
2456793.194128118 13204.73 210.171 644.014
2456793.214559827 13262.45 210.099 643.999
2456793.234991536 12783.95 210.707 644.46
2456793.255423246 13013.7 210.875 644.54
2456793.275854956 12974.03 210.855 644.516
2456793.296286766 12979.5 210.783 644.471
2456793.316718377 12992.85 210.766 644.442
2456793.337150088 13027.57 210.72 644.402
2456793.357581898 13046.54 210.636 644.395
2456793.378013609 13038.61 210.605 644.371
2456793.398445221 13058.12 210.55 644.34
2456793.418877032 13062.69 210.526 644.303
2456793.439308744 13084.23 210.472 644.257
2456793.459740556 13070.39 210.45 644.242
2456793.480172168 13030.47 210.603 644.354
2456793.500603881 13090.32 210.61 644.357
2456793.521035694 13103.97 210.569 644.323
2456793.541467307 13085.13 210.514 644.3
2456793.56189892 13093.36 210.47 644.264
2456793.582330734 13095.55 210.414 644.223
2456793.602762447 13078.65 210.395 644.212
2456793.623194261 13082.32 210.347 644.138
2456793.643625875 13139.79 210.3 644.125
2456793.66405759 13168.3 210.25 644.095
2456793.684489404 13251.24 210.198 644.056
2456793.704921019 13305.74 210.14 644.031
2456793.725352734 13036.27 210.442 644.244
2456793.74578455 13101.71 210.478 644.269
2456793.766216165 13089.53 210.435 644.228
2456793.786647881 13089.8 210.395 644.201
2456793.807079697 13093.66 210.338 644.149
2456793.827511313 13119.35 210.301 644.128
2456793.847943129 13152.73 210.247 644.094
2456793.868374846 13200.21 210.203 644.062
2456793.888806563 13254.71 210.173 644.032
2456793.90923828 13339.41 210.111 643.999
2456793.929669998 13339.68 210.086 643.982
2456793.950101716 13320.48 210.027 643.959
2456793.970533433 12861.69 210.676 644.434
2456793.990965152 12982.92 210.797 644.473
2456794.01139697 12982.71 210.772 644.435
2456794.031828689 13012.44 210.694 644.426
2456794.052260308 13040.53 210.638 644.38
2456794.072692127 13010.68 210.597 644.359
2456794.093123846 12998.75 210.539 644.317
2456794.113555466 12995.85 210.505 644.284
2456794.133987286 12972.77 210.444 644.237
2456794.154419006 12961.02 210.398 644.205
2456794.174850726 12945.64 210.332 644.152
2456794.195282447 12995.11 210.283 644.119
2456794.215714068 12891.03 210.599 644.355
2456794.236145888 12934.87 210.604 644.349
2456794.25657761 12911.71 210.56 644.32
2456794.277009232 12912.27 210.49 644.268
2456794.297441053 12896.63 210.453 644.257
2456794.317872775 12874.45 210.361 644.18
2456794.338304398 12864.11 210.328 644.147
2456794.35873622 12922.34 210.287 644.105
2456794.379167943 12966.7 210.229 644.071
2456794.399599766 13011.99 210.18 644.039
2456794.420031389 13086.7 210.122 644.01
2456794.440463113 13093.18 210.087 643.985
2456794.460894936 12805.71 210.44 644.239
2456794.48132656 12830.78 210.457 644.247
2456794.501758284 12791.74 210.381 644.189
2456794.522190109 12792.15 210.33 644.152
2456794.542621834 12836.96 210.28 644.101
2456794.563053559 12896.5 210.223 644.07
2456794.583485284 12963.34 210.157 644.033
2456794.603917009 13041.0 210.096 643.994
2456794.624348735 13065.4 210.059 643.962
2456794.644780461 13094.46 209.996 643.935
2456794.665212187 13089.88 209.948 643.905
2456794.685644014 13048.74 209.877 643.88
2456794.70607564 12756.34 210.433 644.258
2456794.726507367 12763.21 210.489 644.268
2456794.746939194 12755.99 210.442 644.234
2456794.767370822 12749.95 210.376 644.191
2456794.78780265 12782.74 210.315 644.128
2456794.808234377 12812.94 210.257 644.095
2456794.828666006 12909.72 210.187 644.042
2456794.849097834 13013.41 210.131 644.009
2456794.869529462 13085.31 210.047 643.97
2456794.889961191 13047.16 210.012 643.942
2456794.910393021 13092.04 209.935 643.905
2456794.93082465 13074.65 209.88 643.876
2456794.97168821 12738.58 210.614 644.373
2456794.99211984 12773.42 210.584 644.352
2456795.01255167 12764.45 210.524 644.309
2456795.032983401 12783.57 210.501 644.276
2456795.053415132 12780.35 210.431 644.231
2456795.073846863 12801.27 210.411 644.2
2456795.094278594 12805.94 210.341 644.156
2456795.114710426 12815.9 210.302 644.141
2456795.135142058 12876.13 210.251 644.106
2456795.15557379 12907.13 210.223 644.072
2456795.176005622 12967.01 210.194 644.041
2456795.196437255 12810.07 210.519 644.302
2456795.216868988 12827.9 210.527 644.27
2456795.237300821 12868.58 210.465 644.234
2456795.257732554 12882.6 210.426 644.219
2456795.278164188 12858.93 210.36 644.167
2456795.298596022 12867.63 210.326 644.144
2456795.319027756 12897.49 210.279 644.107
2456795.339459591 12959.74 210.24 644.086
2456795.359891226 13007.97 210.203 644.056
2456795.38032296 13075.67 210.164 644.027
2456795.400754795 13127.09 210.128 644.009
2456795.421186431 13175.21 210.076 643.982
2456795.441618166 12778.6 210.587 644.357
2456795.462050003 12899.35 210.623 644.398
2456795.482481638 12915.39 210.616 644.363
2456795.502913475 12907.17 210.574 644.329
2456795.523345112 12918.0 210.543 644.294
2456795.543776849 12940.7 210.505 644.261
2456795.564208686 12920.64 210.458 644.237
2456795.584640324 12901.82 210.401 644.212
2456795.605072061 12926.5 210.353 644.159
2456795.625503899 12958.01 210.314 644.144
2456795.645935537 13009.68 210.261 644.094
2456795.666367376 13064.14 210.234 644.075
2456795.686799115 12885.29 210.584 644.321
2456795.707230854 12959.79 210.617 644.367
2456795.727662593 12963.8 210.576 644.341
2456795.748094332 12952.37 210.523 644.285
2456795.768526072 12961.22 210.497 644.273
2456795.788957812 12965.94 210.435 644.234
2456795.809389553 12953.17 210.413 644.202
2456795.829821293 12968.17 210.36 644.167
2456795.850253134 12964.5 210.329 644.146
2456795.870684775 13010.81 210.279 644.104
2456795.891116616 13050.43 210.24 644.079
2456795.911548358 13104.89 210.19 644.052
2456795.931979999 12909.77 210.691 644.423
2456795.952411842 12913.13 210.772 644.436
2456795.972843584 12941.05 210.665 644.409
2456795.993275227 12963.57 210.64 644.383
2456796.01370707 12951.6 210.57 644.337
2456796.034138813 12939.27 210.536 644.307
2456796.054570656 12958.63 210.488 644.269
2456796.0750023 12952.47 210.454 644.228
2456796.095434044 12931.03 210.395 644.186
2456796.115865788 12949.2 210.33 644.141
2456796.136297532 12973.43 210.285 644.111
2456796.156729277 13042.31 210.225 644.068
2456796.177161022 12881.27 210.538 644.306
2456796.197592767 12918.96 210.535 644.295
2456796.218024612 12912.71 210.485 644.266
2456796.238456258 12900.18 210.423 644.219
2456796.258888004 12899.35 210.364 644.176
2456796.279319851 12901.35 210.335 644.139
2456796.299751497 12903.92 210.269 644.092
2456796.320183244 12984.61 210.222 644.061
2456796.340615091 13083.48 210.162 644.026
2456796.361046738 13133.47 210.121 643.999
2456796.381478486 13143.46 210.056 643.979
2456796.401910333 13146.62 210.014 643.938
2456796.422342082 12618.46 210.723 644.456
2456796.44277383 12805.06 210.886 644.514
2456796.463205579 12815.14 210.842 644.487
2456796.483637328 12815.01 210.773 644.441
2456796.504069077 12854.06 210.729 644.409
2456796.524500826 12848.54 210.633 644.375
2456796.544932576 12844.75 210.604 644.35
2456796.565364426 12857.05 210.535 644.299
2456796.585796076 12847.2 210.484 644.265
2456796.606227926 12841.3 210.433 644.221
2456796.626659677 12831.61 210.383 644.178
2456796.647091328 12842.83 210.332 644.143
2456796.66752318 12796.18 210.639 644.386
2456796.687954931 12848.59 210.651 644.401
2456796.708386583 12836.89 210.6 644.346
2456796.728818435 12847.12 210.555 644.31
2456796.749250187 12842.45 210.491 644.264
2456796.76968194 12838.43 210.441 644.23
2456796.790113693 12829.61 210.382 644.181
2456796.810545446 12842.43 210.332 644.144
2456796.830977199 12919.71 210.283 644.101
2456796.851408953 12961.92 210.227 644.065
2456796.871840707 13035.59 210.174 644.034
2456796.892272461 13122.68 210.132 643.997
2456796.93313597 12862.16 210.483 644.26
2456796.953567726 12871.4 210.436 644.225
2456796.973999481 12869.2 210.363 644.178
2456796.994431336 12870.55 210.345 644.137
2456797.014862992 12940.9 210.292 644.097
2456797.035294748 12979.27 210.273 644.077
2456797.055726605 13018.74 210.232 644.051
2456797.076158361 13094.85 210.167 644.027
2456797.096590018 13145.02 210.134 644.005
2456797.117021875 13176.24 210.085 643.981
2456797.137453633 13207.56 210.065 643.969
2456797.15788539 12794.33 210.439 644.242
2456797.178317148 12924.83 210.667 644.403
2456797.198748907 12974.35 210.627 644.365
2456797.219180765 12942.02 210.604 644.347
2456797.239612424 12968.7 210.557 644.311
2456797.260044183 12960.43 210.531 644.303
2456797.280476043 12973.08 210.487 644.274
2456797.300907702 12981.37 210.465 644.241
2456797.321339562 12990.47 210.427 644.209
2456797.341771322 12972.98 210.379 644.172
2456797.362202982 13011.17 210.359 644.145
2456797.382634843 13022.82 210.298 644.118
2456797.403066604 12983.42 210.585 644.319
2456797.423498265 13019.67 210.565 644.329
2456797.443930127 13020.41 210.538 644.297
2456797.464361889 13023.9 210.491 644.266
2456797.484793751 12999.49 210.437 644.234
2456797.505225413 13054.34 210.419 644.192
2456797.525657076 13041.09 210.365 644.16
2456797.546088939 13039.09 210.32 644.131
2456797.566520702 13113.86 210.262 644.088
2456797.586952466 13139.95 210.23 644.067
2456797.607384229 13216.2 210.18 644.036
2456797.627815993 13244.61 210.163 644.017
2456797.648247757 12897.09 210.775 644.482
2456797.668679522 13123.39 210.878 644.558
2456797.689111287 12993.81 210.866 644.503
2456797.709543152 13007.96 210.807 644.464
2456797.729974917 13020.52 210.788 644.438
2456797.750406583 13023.31 210.743 644.412
2456797.770838449 13028.19 210.724 644.398
2456797.791270215 13060.69 210.646 644.37
2456797.811701882 13058.81 210.621 644.372
2456797.832133748 13046.93 210.575 644.321
2456797.852565515 13039.74 210.533 644.296
2456797.872997383 13074.98 210.473 644.254
2456797.89342905 12988.89 210.711 644.431
2456797.913860818 12989.24 210.762 644.415
2456797.934292686 13017.46 210.681 644.389
2456797.954724355 13039.87 210.638 644.372
2456797.975156123 13029.35 210.566 644.309
2456797.995587992 13012.1 210.521 644.282
2456798.016019662 13016.5 210.455 644.244
2456798.036451531 13001.4 210.423 644.204
2456798.056883301 13000.15 210.361 644.158
2456798.077314971 13021.57 210.301 644.114
2456798.097746842 13056.29 210.238 644.078
2456798.118178612 13140.83 210.182 644.026
2456798.138610283 12916.23 210.563 644.331
2456798.159042154 12963.3 210.588 644.321
2456798.179473826 12955.25 210.528 644.282
2456798.199905698 12956.49 210.454 644.232
2456798.22033747 12910.74 210.393 644.182
2456798.240769142 12933.43 210.305 644.122
2456798.261201015 12976.36 210.272 644.097
2456798.281632788 13020.53 210.233 644.052
2456798.302064561 13046.98 210.188 644.031
2456798.322496334 13076.68 210.16 644.012
2456798.342928108 13130.91 210.109 643.988
2456798.363359882 13121.77 210.081 643.978
2456798.383791656 12815.78 210.624 644.365
2456798.404223431 12855.05 210.675 644.395
2456798.424655306 12857.56 210.607 644.342
2456798.445087081 12834.19 210.564 644.318
2456798.465518756 12809.82 210.491 644.254
2456798.485950632 12813.68 210.448 644.213
2456798.506382408 12805.0 210.372 644.166
2456798.526814085 12816.91 210.327 644.135
2456798.547245961 12875.19 210.263 644.088
2456798.567677738 12916.54 210.221 644.059
2456798.588109615 12980.44 210.184 644.017
2456798.608541293 13056.59 210.112 643.994
2456798.628973071 12703.62 210.655 644.372
2456798.649404949 12746.84 210.747 644.416
2456798.669836627 12766.75 210.684 644.409
2456798.690268405 12771.73 210.605 644.346
2456798.710700284 12780.96 210.57 644.311
2456798.731131963 12761.9 210.483 644.256
2456798.751563843 12762.65 210.443 644.218
2456798.771995622 12773.3 210.373 644.166
2456798.792427302 12782.55 210.326 644.119
2456798.812859183 12835.96 210.26 644.086
2456798.833290863 12906.67 210.196 644.049
2456798.853722644 12990.17 210.152 644.003
2456798.894586207 12758.58 210.716 644.401
2456798.915017989 12765.74 210.683 644.393
2456798.935449871 12769.89 210.677 644.372
2456798.955881653 12785.53 210.608 644.351
2456798.976313435 12793.56 210.582 644.328
2456798.996745219 12792.9 210.547 644.299
2456799.017177002 12792.46 210.519 644.29
2456799.037608785 12816.43 210.48 644.244
2456799.058040569 12812.8 210.451 644.225
2456799.078472353 12806.1 210.406 644.188
2456799.098904237 12818.74 210.363 644.157
2456799.119335922 12779.06 210.642 644.378
2456799.139767807 12814.86 210.633 644.375
2456799.160199592 12841.84 210.606 644.357
2456799.180631278 12830.8 210.558 644.299
2456799.201063163 12843.24 210.537 644.278
2456799.221494949 12839.98 210.478 644.242
2456799.241926636 12844.37 210.457 644.217
2456799.262358523 12838.14 210.412 644.178
2456799.282790309 12852.89 210.382 644.171
2456799.303222197 12869.28 210.317 644.128
2456799.323653884 12921.88 210.292 644.104
2456799.344085672 12940.51 210.248 644.08
2456799.36451756 12793.63 210.556 644.313
2456799.384949248 12879.81 210.609 644.333
2456799.405381037 12873.51 210.567 644.299
2456799.425812926 12880.6 210.523 644.28
2456799.446244616 12903.94 210.465 644.233
2456799.466676505 12880.15 210.433 644.213
2456799.487108195 12885.83 210.366 644.17
2456799.507539985 12921.65 210.334 644.131
2456799.527971875 12954.31 210.307 644.1
2456799.548403566 13002.03 210.263 644.07
2456799.568835357 13038.08 210.208 644.049
2456799.589267249 13109.79 210.173 644.019
2456799.60969904 12843.96 210.512 644.269
2456799.630130732 12935.96 210.581 644.322
2456799.650562624 12930.88 210.552 644.301
2456799.670994417 12930.62 210.497 644.261
2456799.69142621 12933.29 210.471 644.237
2456799.711858003 12936.56 210.414 644.199
2456799.732289796 12948.74 210.384 644.165
2456799.75272169 12963.79 210.319 644.125
2456799.773153384 13002.57 210.283 644.097
2456799.793585178 13045.88 210.237 644.07
2456799.814017073 13110.16 210.207 644.033
2456799.834448768 13155.76 210.178 644.011
2456799.854880663 12807.96 210.642 644.38
2456799.875312458 12895.45 210.821 644.454
2456799.895744154 12909.45 210.769 644.411
2456799.91617605 12921.35 210.745 644.403
2456799.936607847 12951.56 210.645 644.37
2456799.957039543 12966.0 210.629 644.357
2456799.977471441 12959.25 210.567 644.312
2456799.997903238 12960.87 210.537 644.291
2456800.018335135 12972.22 210.489 644.269
2456800.038766833 12941.55 210.443 644.219
2456800.059198631 12939.05 210.406 644.183
2456800.07963043 12956.07 210.365 644.144
2456800.100062228 12888.15 210.662 644.379
2456800.120494028 12910.44 210.661 644.38
2456800.140925827 12923.57 210.633 644.36
2456800.161357626 12927.13 210.574 644.308
2456800.181789526 12908.3 210.544 644.299
2456800.202221227 12894.23 210.477 644.247
2456800.222653027 12896.12 210.463 644.216
2456800.243084928 12897.72 210.382 644.174
2456800.263516629 12888.69 210.347 644.129
2456800.283948431 12912.65 210.292 644.109
2456800.304380333 12993.03 210.252 644.066
2456800.324812135 13020.51 210.204 644.04
2456800.345243837 12840.3 210.581 644.33
2456800.365675739 12881.02 210.639 644.361
2456800.386107543 12853.27 210.583 644.317
2456800.406539446 12848.45 210.538 644.296
2456800.42697115 12857.23 210.487 644.245
2456800.447402953 12837.55 210.46 644.228
2456800.467834857 12841.03 210.388 644.167
2456800.488266562 12837.84 210.347 644.143
2456800.508698367 12913.32 210.281 644.092
2456800.529130272 12930.29 210.255 644.073
2456800.549561977 12996.4 210.205 644.025
2456800.569993883 13031.55 210.155 644.007
2456800.590425689 12798.41 210.397 644.18
2456800.610857395 12820.33 210.4 644.176
2456800.631289302 12802.55 210.342 644.132
2456800.651721109 12875.96 210.289 644.093
2456800.672152816 12915.73 210.245 644.069
2456800.692584724 12998.77 210.18 644.018
2456800.713016531 13055.95 210.137 643.993
2456800.73344834 13158.31 210.074 643.95
2456800.753880148 13107.19 210.036 643.931
2456800.774311957 13136.3 209.96 643.897
2456800.794743866 13129.4 209.912 643.882
2456800.815175575 13094.14 209.864 643.838
2456800.856039195 12811.89 210.596 644.321
2456800.876471005 12806.45 210.593 644.319
2456800.896902916 12820.2 210.574 644.286
2456800.917334727 12810.22 210.563 644.269
2456800.937766438 12812.71 210.518 644.253
2456800.958198349 12824.14 210.482 644.245
2456800.978630161 12840.46 210.457 644.232
2456800.999061873 12831.39 210.416 644.189
2456801.019493786 12828.45 210.381 644.166
2456801.039925599 12840.31 210.343 644.123
2456801.060357311 12885.05 210.324 644.112
2456801.080789225 12820.65 210.539 644.277
2456801.101221038 12829.55 210.564 644.308
2456801.121652952 12831.5 210.511 644.261
2456801.142084667 12846.95 210.481 644.251
2456801.162516481 12827.58 210.429 644.204
2456801.182948396 12847.16 210.411 644.187
2456801.203380111 12864.57 210.366 644.145
2456801.223811927 12869.12 210.342 644.119
2456801.244243843 12908.43 210.309 644.102
2456801.264675559 12975.51 210.201 644.093
2456801.285107475 12940.92 210.139 644.003
2456801.305539292 13032.68 210.187 644.026
2456801.325971009 12766.79 210.662 644.375
2456801.346402926 12834.15 210.807 644.443
2456801.366834744 12856.42 210.783 644.428
2456801.387266562 12860.79 210.691 644.421
2456801.40769838 12892.19 210.681 644.393
2456801.428130199 12936.27 210.657 644.348
2456801.448562018 12909.59 210.608 644.334
2456801.468993837 12921.42 210.574 644.302
2456801.489425656 12944.5 210.535 644.28
2456801.509857477 12953.93 210.488 644.268
2456801.530289297 12930.49 210.451 644.216
2456801.550721117 12929.06 210.391 644.171
2456801.571152938 12910.64 210.716 644.403
2456801.591584759 12900.66 210.764 644.398
2456801.612016681 12941.48 210.688 644.397
2456801.632448502 12965.48 210.662 644.377
2456801.652880224 12957.48 210.602 644.328
2456801.673312147 12985.2 210.578 644.311
2456801.693743969 12982.18 210.53 644.276
2456801.714175692 12990.13 210.507 644.263
2456801.734607616 12969.97 210.439 644.205
2456801.755039439 12966.44 210.404 644.179
2456801.775471163 12969.29 210.348 644.135
2456801.795903088 13024.92 210.309 644.104
2456801.816334912 12952.64 210.513 644.28
2456801.836766837 12949.94 210.506 644.252
2456801.857198562 12984.3 210.491 644.228
2456801.877630388 12954.39 210.44 644.201
2456801.898062313 12954.2 210.404 644.175
2456801.91849404 12971.04 210.342 644.124
2456801.938925866 12996.64 210.31 644.107
2456801.959357793 13078.39 210.252 644.062
2456801.97978952 13093.09 210.221 644.045
2456802.000221448 13182.98 210.166 644.006
2456802.020653275 13212.8 210.13 643.988
2456802.041085003 13262.67 210.071 643.953
2456802.061516932 12926.35 210.507 644.272
2456802.08194876 12950.86 210.57 644.299
2456802.102380489 12938.85 210.536 644.263
2456802.122812419 12951.29 210.493 644.236
2456802.143244248 12928.05 210.438 644.199
2456802.163676078 12898.39 210.41 644.186
2456802.184107909 12913.99 210.349 644.128
2456802.204539739 12938.48 210.314 644.109
2456802.22497157 13002.2 210.259 644.073
2456802.245403401 13023.95 210.242 644.045
2456802.265835233 13100.52 210.168 644.006
2456802.286267165 13129.33 210.146 643.993
2456802.306698897 12858.69 210.374 644.154
2456802.327130729 12880.97 210.393 644.166
2456802.347562662 12878.48 210.348 644.132
2456802.367994395 12896.33 210.314 644.104
2456802.388426329 12947.25 210.263 644.066
2456802.408858162 12981.27 210.219 644.038
2456802.429289897 13042.21 210.167 644.014
2456802.449721831 13082.89 210.136 643.987
2456802.470153666 13127.91 210.083 643.955
2456802.490585401 13150.23 210.04 643.927
2456802.511017337 13180.69 210.002 643.911
2456802.531449172 13170.81 209.944 643.89
2456802.551881108 12750.71 210.531 644.278
2456802.572312844 12809.85 210.596 644.316
2456802.592744681 12796.92 210.575 644.294
2456802.613176618 12805.08 210.516 644.25
2456802.633608356 12804.5 210.471 644.226
2456802.654040193 12797.76 210.416 644.189
2456802.674472131 12796.48 210.384 644.161
2456802.694903869 12835.38 210.33 644.118
2456802.715335808 12861.33 210.294 644.092
2456802.735767647 12903.55 210.253 644.06
2456802.756199386 12958.08 210.202 644.026
2456802.776631326 13011.45 210.16 643.999
2456802.817495006 12721.26 210.658 644.374
2456802.837926846 12771.18 210.709 644.401
2456802.858358688 12793.96 210.674 644.376
2456802.878790429 12795.7 210.612 644.341
2456802.89922237 12790.18 210.581 644.313
2456802.919654212 12789.37 210.529 644.276
2456802.940086154 12824.49 210.515 644.275
2456802.960517897 12806.97 210.454 644.224
2456802.980949739 12788.25 210.453 644.209
2456803.001381683 12795.37 210.411 644.167
2456803.021813427 12785.72 210.392 644.147
2456803.04224527 12601.77 210.771 644.477
2456803.062677214 13001.29 210.988 644.626
2456803.083108959 12918.02 210.958 644.6
2456803.103540903 12916.19 210.915 644.561
2456803.123972749 12809.1 210.9 644.517
2456803.144404494 12785.87 210.879 644.496
2456803.16483644 12789.4 210.849 644.469
2456803.185268286 12797.17 210.816 644.444
2456803.205700032 12807.54 210.796 644.42
2456803.226131979 12813.33 210.745 644.387
2456803.246563826 12820.95 210.721 644.365
2456803.266995774 12851.6 210.633 644.357
2456803.287427522 12858.21 210.619 644.331
2456803.30785937 12846.64 210.556 644.303
2456803.328291318 12861.68 210.543 644.276
2456803.348723067 12902.3 210.509 644.248
2456803.369154916 12863.4 210.474 644.227
2456803.389586865 12870.98 210.466 644.199
2456803.410018715 12874.76 210.415 644.177
2456803.430450565 12892.28 210.398 644.155
2456803.450882316 12889.89 210.339 644.123
2456803.471314166 12939.41 210.315 644.103
2456803.491746117 12987.59 210.274 644.072
2456803.512177969 13006.79 210.244 644.059
2456803.532609721 12827.46 210.595 644.33
2456803.553041672 12914.09 210.646 644.353
2456803.573473525 12908.26 210.612 644.308
2456803.593905278 12916.01 210.569 644.295
2456803.614337231 12911.94 210.517 644.252
2456803.634769084 12935.18 210.482 644.235
2456803.655201038 12934.52 210.435 644.19
2456803.675632792 12931.9 210.392 644.168
2456803.696064646 12946.89 210.362 644.132
2456803.716496601 12987.04 210.319 644.101
2456803.736928356 13035.8 210.274 644.063
2456803.757360211 13053.45 210.23 644.045
2456803.777792167 12866.2 210.708 644.4
2456803.798223923 12893.65 210.795 644.428
2456803.818655879 12895.49 210.769 644.412
2456803.839087736 12920.3 210.686 644.385
2456803.859519493 12942.71 210.652 644.364
2456803.879951451 12945.45 210.608 644.305
2456803.900383308 12932.96 210.57 644.298
2456803.920815066 12941.08 210.51 644.248
2456803.941247025 12948.39 210.48 644.231
2456803.961678883 12930.45 210.426 644.194
2456803.982110842 12938.64 210.396 644.164
2456804.002542602 12939.12 210.351 644.128
2456804.022974461 12865.95 210.569 644.283
2456804.043406322 12901.63 210.588 644.295
2456804.063838282 12935.69 210.548 644.266
2456804.084270043 12923.89 210.503 644.235
2456804.104701904 12911.02 210.448 644.204
2456804.125133765 12909.43 210.414 644.182
2456804.145565627 12909.82 210.371 644.144
2456804.165997589 12917.63 210.341 644.111
2456804.186429351 12986.77 210.287 644.077
2456804.206861314 12993.41 210.247 644.06
2456804.227293177 13057.59 210.187 644.021
2456804.247724941 13105.76 210.157 643.997
2456804.268156904 12779.88 210.676 644.375
2456804.288588768 12824.84 210.811 644.416
2456804.309020533 12846.2 210.704 644.394
2456804.329452497 12847.12 210.676 644.38
2456804.349884363 12860.78 210.616 644.324
2456804.370316328 12839.82 210.569 644.299
2456804.390748094 12854.26 210.516 644.254
2456804.41117996 12851.56 210.464 644.221
2456804.431611926 12848.95 210.422 644.177
2456804.452043694 12853.89 210.38 644.148
2456804.47247556 12868.81 210.322 644.102
2456804.492907528 12949.03 210.266 644.062
2456804.513339296 12831.87 210.908 644.568
2456804.533771264 12963.75 210.939 644.591
2456804.554203133 12911.29 210.902 644.556
2456804.574635001 12765.79 210.878 644.483
2456804.595066871 12786.34 210.845 644.452
2456804.61549874 12756.56 210.789 644.411
2456804.63593061 12764.74 210.756 644.394
2456804.65636248 12830.27 210.646 644.355
2456804.676794351 12820.49 210.63 644.329
2456804.697226222 12792.27 210.557 644.287
2456804.717658093 12812.63 210.531 644.26
2456804.738089964 12804.57 210.459 644.216
2456804.758521836 12809.58 210.426 644.19
2456804.778953709 12822.58 210.382 644.138
2456804.799385581 12841.92 210.33 644.111
2456804.819817554 12915.77 210.275 644.061
2456804.840249327 12955.78 210.224 644.038
2456804.860681201 13018.72 210.175 644.002
2456804.881113175 13054.82 210.131 643.98
2456804.901544949 13185.19 210.087 643.94
2456804.921976924 13106.18 210.025 643.922
2456804.942408799 13161.5 209.986 643.883
2456804.962840574 13169.46 209.929 643.875
2456804.98327255 13140.79 209.892 643.837
2456805.003704426 12666.87 210.593 644.32
2456805.024136202 12763.77 210.817 644.433
2456805.044568179 12786.55 210.759 644.389
2456805.065000056 12798.91 210.686 644.385
2456805.085432034 12830.56 210.623 644.342
2456805.105863811 12800.02 210.602 644.309
2456805.126295689 12827.34 210.541 644.257
2456805.146727668 12841.39 210.511 644.256
2456805.167159447 12866.49 210.444 644.193
2456805.187591326 12880.11 210.41 644.171
