Dates Flux Xpos Ypos
2456768.962217216 51281.96 223.095 315.416
2456768.982648807 51541.68 223.173 315.374
2456769.003080397 51611.23 223.175 315.382
2456769.023511988 51653.82 223.173 315.394
2456769.043943578 51586.87 223.184 315.378
2456769.064375169 51736.93 223.191 315.397
2456769.084806759 51744.09 223.198 315.405
2456769.105238449 51900.85 223.214 315.415
2456769.12567004 51927.34 223.22 315.423
2456769.14610153 52040.56 223.239 315.431
2456769.16653322 52037.98 223.237 315.442
2456769.18696471 52078.23 223.247 315.44
2456769.207396301 52114.44 223.247 315.445
2456769.227827991 52151.36 223.252 315.45
2456769.248259481 52123.7 223.25 315.447
2456769.268691071 52168.91 223.253 315.449
2456769.289122761 52230.35 223.269 315.46
2456769.309554251 52274.19 223.27 315.461
2456769.329985841 52326.84 223.278 315.479
2456769.350417531 52370.43 223.301 315.474
2456769.370849021 52474.33 223.312 315.496
2456769.391280711 52449.4 223.308 315.491
2456769.4117123 52454.36 223.308 315.498
2456769.43214379 52409.02 223.305 315.486
2456769.47300707 51958.11 223.201 315.498
2456769.493438659 52465.71 223.331 315.568
2456769.513870249 52523.65 223.312 315.597
2456769.534301839 52518.18 223.308 315.597
2456769.554733428 52515.46 223.319 315.597
2456769.575165118 52521.03 223.313 315.609
2456769.595596607 52579.89 223.343 315.61
2456769.616028297 52598.93 223.338 315.619
2456769.636459887 52607.16 223.339 315.623
2456769.656891376 52609.67 223.333 315.62
2456769.677323065 52621.99 223.34 315.632
2456769.697754655 52609.68 223.348 315.616
2456769.718186144 52632.04 223.35 315.622
2456769.738617833 52566.99 223.358 315.611
2456769.759049423 52643.04 223.378 315.636
2456769.779480912 52629.8 223.366 315.639
2456769.799912601 52609.75 223.365 315.628
2456769.82034419 52668.04 223.365 315.647
2456769.84077568 52616.64 223.385 315.637
2456769.861207369 52616.73 223.384 315.647
2456769.881638858 52641.04 223.383 315.649
2456769.902070547 52622.13 223.387 315.654
2456769.922502136 52643.34 223.382 315.656
2456769.942933625 52589.64 223.406 315.65
2456769.963365314 52542.57 223.41 315.666
2456769.983796903 52544.6 223.416 315.669
2456770.004228492 52512.69 223.423 315.673
2456770.024660081 52502.65 223.42 315.683
2456770.04509167 52503.23 223.432 315.688
2456770.065523259 52446.9 223.445 315.685
2456770.085954848 52445.55 223.461 315.702
2456770.106386437 52423.13 223.458 315.714
2456770.126818025 52382.28 223.473 315.725
2456770.147249714 52325.49 223.499 315.721
2456770.167681203 52288.34 223.516 315.732
2456770.188112892 52248.21 223.513 315.745
2456770.208544481 52251.43 223.521 315.754
2456770.228975969 52238.97 223.525 315.755
2456770.249407658 52156.17 223.543 315.762
2456770.269839247 52146.38 223.553 315.779
2456770.290270735 52115.74 223.549 315.795
2456770.310702424 52054.69 223.578 315.791
2456770.331134012 52013.01 223.601 315.79
2456770.351565501 51941.48 223.602 315.811
2456770.37199719 51998.13 223.61 315.814
2456770.392428778 51964.45 223.615 315.824
2456770.412860367 51937.5 223.62 315.834
2456770.433291955 51264.54 223.133 315.433
2456770.453723543 51062.82 223.071 315.388
2456770.474155232 51118.18 223.08 315.41
2456770.494586721 51229.43 223.093 315.414
2456770.515018309 51454.92 223.166 315.366
2456770.535449897 51618.56 223.179 315.382
2456770.555881485 51641.03 223.181 315.394
2456770.576313074 51775.62 223.202 315.392
2456770.596744662 51776.06 223.201 315.405
2456770.617176251 51803.12 223.199 315.406
2456770.637607839 51813.78 223.205 315.403
2456770.658039527 51937.6 223.212 315.416
2456770.678471015 52046.28 223.23 315.426
2456770.698902604 51994.07 223.223 315.42
2456770.719334292 52002.45 223.221 315.421
2456770.73976578 52045.34 223.229 315.421
2456770.760197468 52092.66 223.229 315.432
2456770.780629057 52067.3 223.228 315.424
2456770.801060544 52081.86 223.232 315.425
2456770.821492233 52052.46 223.227 315.427
2456770.841923821 51961.63 223.212 315.418
2456770.862355309 52077.69 223.233 315.424
2456770.882786997 51991.23 223.222 315.419
2456770.903218585 52012.66 223.216 315.428
2456770.923650073 51952.47 223.217 315.416
2456770.944081761 51911.28 223.215 315.408
2456770.964513349 51888.29 223.215 315.414
2456770.984944937 51877.55 223.211 315.415
2456771.005376525 51873.27 223.214 315.417
2456771.025808113 51875.45 223.215 315.417
2456771.046239801 51956.66 223.229 315.43
2456771.066671289 51998.15 223.244 315.436
2456771.087102877 52136.87 223.268 315.461
2456771.107534565 52232.99 223.293 315.484
2456771.127966153 52272.41 223.309 315.492
2456771.148397641 52300.43 223.328 315.505
2456771.168829329 52283.73 223.324 315.504
2456771.189260917 52242.85 223.323 315.502
2456771.209692405 52210.82 223.322 315.499
2456771.230124092 52194.46 223.315 315.497
2456771.25055558 52160.57 223.306 315.494
2456771.270987168 52051.73 223.287 315.472
2456771.291418856 51967.36 223.275 315.468
2456771.311850344 51886.35 223.266 315.462
2456771.332282031 51845.09 223.259 315.452
2456771.352713619 51825.33 223.264 315.454
2456771.373145107 51846.72 223.257 315.455
2456771.393576795 51735.39 223.247 315.441
2456771.434439871 50714.66 223.03 315.324
2456771.454871558 50682.34 223.047 315.36
2456771.475303146 50699.28 223.051 315.36
2456771.495734734 50695.02 223.04 315.378
2456771.516166321 50659.42 223.048 315.385
2456771.536597909 50699.77 223.064 315.395
2456771.557029497 50699.45 223.083 315.391
2456771.577461084 50719.1 223.079 315.404
2456771.597892672 50701.42 223.062 315.399
2456771.61832436 50704.93 223.063 315.401
2456771.638755947 50735.27 223.052 315.366
2456771.659187435 50738.62 223.052 315.374
2456771.679619123 50742.86 223.065 315.353
2456771.700050711 50756.89 223.045 315.354
2456771.720482198 50809.14 223.022 315.357
2456771.740913886 50814.47 223.015 315.348
2456771.761345474 50810.95 223.013 315.36
2456771.781776961 50845.62 223.012 315.334
2456771.802208649 50845.66 223.019 315.335
2456771.822640236 50908.88 223.005 315.34
2456771.843071724 50909.95 223.006 315.333
2456771.863503412 50932.02 223.007 315.339
2456771.883934999 50979.3 223.002 315.334
2456771.904366587 51008.74 223.007 315.317
2456771.924798174 51031.85 222.987 315.322
2456771.945229762 51058.04 222.991 315.319
2456771.96566135 51079.63 222.98 315.322
2456771.986092937 51123.03 222.979 315.319
2456772.006524525 51155.49 222.975 315.295
2456772.026956113 51173.83 222.967 315.306
2456772.0473877 51202.91 222.955 315.294
2456772.067819288 51191.37 222.947 315.288
2456772.088250875 51237.16 222.94 315.283
2456772.108682463 51270.1 222.941 315.271
2456772.129114151 51245.62 222.929 315.261
2456772.149545638 51281.51 222.914 315.263
2456772.169977226 51333.25 222.895 315.249
2456772.190408913 51343.11 222.874 315.222
2456772.210840501 51316.24 222.857 315.214
2456772.231271989 51381.79 222.835 315.197
2456772.251703676 51361.46 222.838 315.193
2456772.272135264 51398.94 222.841 315.18
2456772.292566751 51355.24 222.829 315.176
2456772.312998439 51368.34 222.808 315.173
2456772.333430026 51405.27 222.791 315.145
2456772.353861514 51429.34 222.77 315.142
2456772.374293202 51386.88 222.762 315.109
2456772.394724789 52106.39 223.21 315.508
2456772.415156477 52493.66 223.306 315.49
2456772.435587964 52466.97 223.29 315.48
2456772.456019552 52414.95 223.27 315.464
2456772.47645124 52248.65 223.242 315.437
2456772.496882727 52183.52 223.233 315.429
2456772.517314315 52124.84 223.216 315.434
2456772.537746002 52056.24 223.225 315.409
2456772.55817749 52042.87 223.216 315.414
2456772.578609078 51985.71 223.202 315.409
2456772.599040765 51920.73 223.194 315.4
2456772.619472253 51766.03 223.178 315.375
2456772.639903841 51401.61 223.1 315.405
2456772.660335529 51295.33 223.076 315.4
2456772.680767016 51287.32 223.04 315.36
2456772.701198704 51318.87 223.011 315.341
2456772.721630292 51326.02 222.996 315.322
2456772.742061779 51320.77 222.988 315.331
2456772.762493467 51314.78 222.973 315.295
2456772.782925054 51328.06 222.942 315.288
2456772.803356542 51320.45 222.926 315.273
2456772.82378823 51342.4 222.901 315.237
2456772.844219817 51347.26 222.877 315.22
2456772.864651305 51376.12 222.831 315.189
2456772.885082993 51400.31 222.8 315.152
2456772.905514581 51385.51 222.78 315.145
2456772.925946068 51380.3 222.772 315.127
2456772.946377756 51284.06 222.743 315.108
2456772.966809344 51182.13 222.703 315.086
2456772.987241032 51156.33 222.697 315.065
2456773.007672519 51101.07 222.663 315.039
2456773.028104107 51096.29 222.618 315.013
2456773.048535795 51081.05 222.575 314.979
2456773.068967283 51069.84 222.554 314.972
2456773.089398871 51086.95 222.536 314.961
2456773.109830559 51167.97 222.505 314.937
2456773.130262146 51699.46 223.157 315.475
2456773.150693634 52280.51 223.3 315.475
2456773.171125322 52107.94 223.259 315.453
2456773.19155691 51711.9 223.204 315.404
2456773.211988498 51511.72 223.182 315.381
2456773.232420086 50950.04 223.078 315.402
2456773.252851673 50908.12 223.055 315.371
2456773.273283261 50907.48 223.022 315.348
2456773.293714849 50905.81 222.997 315.326
2456773.314146437 50899.94 222.966 315.303
2456773.334578025 50942.43 222.918 315.262
2456773.355009613 50939.75 222.874 315.224
2456773.395872789 50850.41 223.001 315.349
2456773.416304377 50909.33 223.078 315.42
2456773.436735865 50812.45 223.063 315.37
2456773.457167553 50823.46 223.051 315.366
2456773.477599142 50810.74 223.004 315.339
2456773.49803083 50800.45 222.985 315.325
2456773.518462318 50781.05 222.952 315.313
2456773.538893905 50774.97 222.954 315.29
2456773.559325594 50790.45 222.938 315.268
2456773.579757082 50800.63 222.922 315.258
2456773.60018867 50823.55 222.887 315.211
2456773.620620358 51016.71 223.158 315.451
2456773.641051946 52146.71 223.424 315.684
2456773.661483434 52232.02 223.402 315.659
2456773.681915123 52239.43 223.379 315.667
2456773.702346711 52269.23 223.377 315.633
2456773.722778199 52199.84 223.347 315.613
2456773.743209887 52151.99 223.31 315.594
2456773.763641476 52165.7 223.31 315.597
2456773.784073064 52418.84 223.35 315.554
2456773.804504653 52118.38 223.339 315.494
2456773.824936241 52048.63 223.303 315.485
2456773.845367929 51961.7 223.272 315.458
2456773.865799418 51809.33 223.238 315.432
2456773.886231006 51608.6 223.215 315.413
2456773.906662694 51509.62 223.211 315.389
2456773.927094183 51179.3 223.109 315.435
2456773.947525771 50970.8 223.095 315.406
2456773.96795746 50867.08 223.067 315.396
2456773.988388948 50889.95 223.013 315.351
2456774.008820637 50907.27 223.003 315.31
2456774.029252125 50930.6 222.981 315.301
2456774.049683714 50988.28 222.946 315.278
2456774.070115402 51021.54 222.899 315.25
2456774.090546891 51062.39 222.867 315.212
2456774.110978479 52093.46 223.457 315.692
2456774.131410168 52251.77 223.499 315.735
2456774.151841657 52349.35 223.465 315.717
2456774.172273246 52420.64 223.446 315.698
2456774.192704934 52423.06 223.425 315.663
2456774.213136523 52546.73 223.376 315.629
2456774.233568012 52459.23 223.322 315.598
2456774.253999701 52694.11 223.363 315.562
2456774.27443129 52431.65 223.325 315.506
2456774.294862878 52279.83 223.308 315.482
2456774.315294467 52114.8 223.265 315.447
2456774.335726056 51814.07 223.211 315.41
2456774.356157745 51526.96 223.177 315.377
2456774.376589234 51125.47 223.094 315.401
2456774.397020823 51057.84 223.059 315.376
2456774.417452512 51054.79 223.012 315.349
2456774.437884001 51071.26 222.959 315.281
2456774.45831559 51126.82 222.914 315.255
2456774.478747279 51142.22 222.871 315.231
2456774.499178768 51161.78 222.849 315.198
2456774.519610457 51212.2 222.819 315.156
2456774.540042046 51188.89 222.757 315.11
2456774.560473535 51067.68 222.703 315.074
2456774.580905225 50994.66 222.667 315.044
2456774.601336814 51082.02 222.99 315.341
2456774.621768303 51083.52 222.99 315.319
2456774.642199992 51112.59 222.937 315.27
2456774.662631582 51175.7 222.885 315.235
2456774.683063171 51236.45 222.841 315.19
2456774.70349476 51246.37 222.792 315.152
2456774.72392635 51225.73 222.752 315.109
2456774.744357839 51064.27 222.688 315.067
2456774.764789529 51045.64 222.625 315.01
2456774.785221118 51086.61 222.588 314.984
2456774.805652708 51124.35 222.536 314.959
2456774.826084297 51262.07 222.476 314.923
2456774.846515887 51185.09 223.036 315.352
2456774.866947576 51124.44 223.069 315.389
2456774.887379066 51135.13 223.006 315.337
2456774.907810656 51145.9 222.957 315.293
2456774.928242345 51176.86 222.903 315.24
2456774.948673835 51287.22 222.821 315.173
2456774.969105425 51289.32 222.779 315.135
2456774.989537115 51170.38 222.729 315.09
2456775.009968604 51036.36 222.677 315.048
2456775.030400294 51066.43 222.595 314.997
2456775.050831884 51062.98 222.53 314.957
2456775.071263374 51203.36 222.477 314.917
2456775.091695064 51155.92 222.993 315.335
2456775.112126654 51043.79 223.004 315.322
2456775.132558144 51038.0 222.934 315.268
2456775.152989834 51114.24 222.865 315.218
2456775.173421424 51194.43 222.809 315.157
2456775.193853015 51135.21 222.746 315.101
2456775.214284604 50944.31 222.652 315.034
2456775.234716195 50969.06 222.589 314.987
2456775.255147885 51022.14 222.524 314.95
2456775.275579375 51241.05 222.462 314.911
2456775.296010965 51502.3 222.378 314.872
2456775.316442656 51674.07 222.325 314.832
2456775.357305737 50968.0 223.028 315.324
2456775.377737427 50997.24 223.036 315.346
2456775.398168918 51026.7 222.999 315.331
2456775.418600508 51011.87 222.981 315.315
2456775.439032199 51014.95 222.957 315.292
2456775.459463689 51062.3 222.937 315.271
2456775.47989528 51099.84 222.895 315.237
2456775.500326971 51152.95 222.852 315.211
2456775.520758461 51171.84 222.83 315.194
2456775.541190152 51197.93 222.799 315.16
2456775.561621743 51167.51 222.76 315.109
2456775.582053234 51851.85 223.213 315.499
2456775.602484925 52270.63 223.307 315.466
2456775.622916515 52141.77 223.278 315.447
2456775.643348007 51741.72 223.208 315.407
2456775.663779697 51535.76 223.176 315.377
2456775.684211289 51119.7 223.082 315.409
2456775.70464288 51109.87 223.081 315.407
2456775.725074471 51094.16 223.052 315.337
2456775.745506062 51144.49 223.01 315.333
2456775.765937753 51153.0 222.988 315.311
2456775.786369244 51158.48 222.949 315.292
2456775.806800836 51242.9 222.926 315.251
2456775.827232527 51311.46 222.889 315.218
2456775.847664118 51344.17 222.863 315.214
2456775.86809561 51406.55 222.827 315.172
2456775.888527301 51444.46 222.781 315.136
2456775.908958893 51357.48 222.744 315.116
2456775.929390384 51342.54 222.722 315.086
2456775.949822076 51265.13 222.676 315.048
2456775.970253667 51266.6 222.608 315.018
2456775.990685359 51261.95 222.566 314.986
2456776.011116851 51337.09 222.536 314.951
2456776.031548442 51431.46 222.507 314.925
2456776.051980034 51580.82 222.44 314.896
2456776.072411626 51412.7 222.911 315.263
2456776.092843218 51292.26 222.961 315.293
2456776.11327481 51304.56 222.92 315.257
2456776.133706402 51373.43 222.855 315.197
2456776.154137894 51373.57 222.79 315.151
2456776.174569586 51332.29 222.746 315.115
2456776.195001178 51213.39 222.719 315.077
2456776.21543277 51082.76 222.669 315.024
2456776.235864362 51094.11 222.62 315.003
2456776.256295955 51061.2 222.57 314.981
2456776.276727647 51084.13 222.531 314.957
2456776.297159139 51277.89 222.468 314.913
2456776.317590732 51785.56 223.214 315.506
2456776.338022424 52431.62 223.319 315.583
2456776.358454017 52373.04 223.325 315.498
2456776.378885509 52114.53 223.258 315.451
2456776.399317202 51867.36 223.231 315.418
2456776.419748794 51549.36 223.191 315.385
2456776.440180287 51003.02 223.091 315.397
2456776.46061198 51056.81 223.029 315.35
2456776.481043573 50971.37 223.0 315.311
2456776.501475265 50994.84 222.957 315.283
2456776.521906758 51059.26 222.908 315.257
2456776.542338351 51136.12 222.853 315.185
2456776.562770044 51183.21 222.812 315.153
2456776.583201537 51146.28 222.76 315.117
2456776.60363313 50991.67 222.712 315.073
2456776.624064824 50961.3 222.636 315.018
2456776.644496317 50947.29 222.587 314.989
2456776.66492791 50976.29 222.543 314.953
2456776.685359603 51166.72 222.483 314.919
2456776.705791097 51355.91 222.423 314.889
2456776.72622279 51527.38 222.375 314.863
2456776.746654383 51714.89 222.328 314.838
2456776.767085877 51952.11 222.258 314.777
2456776.78751757 52052.23 222.205 314.747
2456776.807949064 51296.0 222.809 315.186
2456776.828380657 51156.47 222.851 315.192
2456776.848812351 51192.82 222.78 315.129
2456776.869243845 51061.06 222.727 315.083
2456776.889675439 50971.91 222.673 315.037
2456776.910107133 50968.87 222.599 314.993
2456776.930538727 51016.61 222.539 314.958
2456776.950970221 51168.44 222.503 314.926
2456776.971401914 51250.99 222.447 314.902
2456776.991833509 51526.97 222.368 314.864
2456777.012265103 51756.64 222.32 314.826
2456777.032696697 51928.39 222.259 314.796
2456777.053128291 50930.18 223.056 315.378
2456777.073559985 51850.72 223.228 315.417
2456777.09399148 51434.32 223.173 315.374
2456777.114423074 50970.88 223.073 315.377
2456777.134854769 50973.5 223.006 315.317
2456777.155286264 50955.67 222.952 315.277
2456777.175717858 51015.13 222.906 315.239
2456777.196149553 51118.89 222.838 315.18
2456777.216581048 51108.34 222.773 315.12
2456777.237012742 50955.87 222.722 315.088
2456777.257444337 50871.8 222.678 315.038
2456777.277875832 50883.99 222.592 314.99
2456777.318739122 52026.73 223.263 315.451
2456777.339170717 51872.7 223.236 315.433
2456777.359602312 51626.89 223.203 315.412
2456777.380033907 51456.94 223.19 315.378
2456777.400465502 51217.23 223.168 315.356
2456777.420897098 50853.71 223.075 315.361
2456777.441328693 50876.3 223.036 315.342
2456777.461760289 50878.72 223.008 315.312
2456777.482191884 50880.17 222.966 315.292
2456777.50262348 50936.25 222.916 315.256
2456777.523055075 51001.08 222.885 315.234
2456777.543486671 51445.68 223.189 315.463
2456777.563918266 52307.62 223.345 315.508
2456777.584349962 52157.8 223.311 315.476
2456777.604781458 52052.47 223.275 315.457
2456777.625213054 51627.3 223.208 315.411
2456777.64564475 51410.55 223.188 315.368
2456777.666076246 50952.54 223.102 315.386
2456777.686507942 50940.1 223.043 315.353
2456777.706939538 50973.22 222.995 315.315
2456777.727371035 51011.8 222.952 315.28
2456777.747802731 51053.15 222.93 315.255
2456777.768234327 51158.52 222.865 315.191
2456777.788665824 51885.55 223.213 315.501
2456777.80909752 52225.54 223.281 315.458
2456777.829529117 51932.35 223.225 315.431
2456777.849960614 51559.27 223.189 315.379
2456777.87039231 51082.49 223.103 315.385
2456777.890823907 51050.28 223.061 315.349
2456777.911255504 51101.54 222.989 315.312
2456777.931687101 51138.31 222.946 315.265
2456777.952118698 51211.33 222.916 315.245
2456777.972550394 51284.43 222.847 315.185
2456777.992981992 51351.67 222.799 315.15
2456778.013413489 51311.19 222.754 315.114
2456778.033845186 51120.17 223.081 315.364
2456778.054276783 51250.16 223.096 315.394
2456778.074708281 51236.66 223.056 315.353
2456778.095139978 51271.02 223.018 315.334
2456778.115571576 51275.78 222.951 315.282
2456778.136003073 51344.92 222.922 315.242
2456778.156434771 51413.12 222.881 315.213
2456778.176866268 51508.87 222.816 315.147
2456778.197297966 51459.39 222.767 315.122
2456778.217729564 51309.68 222.721 315.078
2456778.238161062 51267.3 222.655 315.017
2456778.25859276 51287.74 222.612 314.993
2456778.279024358 51257.12 223.066 315.377
2456778.299455856 51282.85 223.081 315.374
2456778.319887554 51301.25 223.027 315.336
2456778.340319152 51291.27 222.975 315.296
2456778.360750651 51323.64 222.918 315.251
2456778.381182349 51413.48 222.865 315.193
2456778.401613947 51419.79 222.826 315.153
2456778.422045646 51351.4 222.766 315.11
2456778.442477145 51120.44 222.686 315.05
2456778.462908743 51087.94 222.657 315.028
2456778.483340442 51089.58 222.591 314.982
2456778.503771941 51158.13 222.522 314.936
2456778.52420354 51590.37 223.147 315.44
2456778.544635239 52115.44 223.266 315.443
2456778.565066838 51596.7 223.192 315.376
2456778.585498337 51047.16 223.079 315.385
2456778.605930036 51059.18 223.043 315.343
2456778.626361636 51081.68 222.964 315.274
2456778.646793235 51158.33 222.905 315.242
2456778.667224834 51213.06 222.869 315.2
2456778.687656434 51269.04 222.789 315.124
2456778.708088133 51144.99 222.736 315.086
2456778.728519633 51026.24 222.693 315.047
2456778.748951233 51009.72 222.609 314.99
2456778.769382932 51947.06 223.216 315.501
2456778.789814432 52402.85 223.33 315.483
2456778.810246032 52059.18 223.25 315.429
2456778.830677632 51740.13 223.205 315.387
2456778.851109232 51152.72 223.102 315.395
2456778.871540932 51072.33 223.019 315.326
2456778.891972432 51092.96 222.977 315.29
2456778.912404033 51176.47 222.92 315.242
2456778.932835733 51271.13 222.85 315.18
2456778.953267234 51331.5 222.798 315.131
2456778.973698834 51230.03 222.743 315.089
2456778.994130535 51078.18 222.668 315.025
2456779.014562035 52057.64 223.316 315.57
2456779.034993636 52616.93 223.425 315.673
2456779.055425337 52636.52 223.36 315.614
2456779.075856938 52801.14 223.369 315.543
2456779.096288539 52424.59 223.317 315.481
2456779.11672014 52001.72 223.238 315.414
2456779.137151741 51673.37 223.19 315.373
2456779.157583343 51130.8 223.076 315.363
2456779.178014944 51105.37 222.99 315.304
2456779.198446545 51167.19 222.948 315.256
2456779.218878247 51260.37 222.877 315.209
2456779.239309749 51357.04 222.809 315.135
2456779.280173052 52526.72 223.369 315.596
2456779.300604554 52503.42 223.334 315.596
2456779.321036255 52464.59 223.315 315.573
2456779.341467858 52474.93 223.338 315.5
2456779.36189936 52339.7 223.311 315.47
2456779.382331062 52170.48 223.285 315.436
2456779.402762664 51918.73 223.236 315.415
2456779.423194166 51644.81 223.199 315.388
2456779.443625869 51276.04 223.116 315.419
2456779.464057471 50965.64 223.08 315.368
2456779.484488974 50980.98 223.06 315.348
2456779.504920675 50981.79 223.04 315.325
2456779.525352178 50988.75 223.008 315.281
2456779.545783881 51009.59 222.956 315.275
2456779.566215484 51046.77 222.935 315.241
2456779.586647087 51060.31 222.877 315.217
2456779.60707869 51080.65 222.851 315.189
2456779.627510293 51126.06 222.828 315.134
2456779.647941897 51098.37 222.77 315.11
2456779.6683735 50994.27 222.74 315.081
2456779.688805103 50858.29 222.689 315.054
2456779.709236707 50820.55 222.647 315.014
2456779.72966831 50823.11 222.654 314.995
2456779.750099914 50782.59 223.073 315.365
2456779.770531618 50779.13 223.088 315.379
2456779.790963222 50829.12 223.064 315.35
2456779.811394725 50827.65 223.018 315.322
2456779.831826429 50849.7 222.997 315.285
2456779.852258034 50848.52 222.956 315.265
2456779.872689538 50931.47 222.911 315.225
2456779.893121242 50999.97 222.86 315.196
2456779.913552846 51011.73 222.836 315.175
2456779.933984351 51094.98 222.786 315.117
2456779.954416056 51074.2 222.785 315.086
2456779.97484766 50947.85 222.732 315.063
2456779.995279365 51877.99 223.247 315.518
2456780.01571087 52283.29 223.345 315.498
2456780.036142475 52249.11 223.332 315.485
2456780.05657418 52044.66 223.283 315.438
2456780.077005685 51906.53 223.243 315.426
2456780.09743729 51664.28 223.218 315.388
2456780.117868895 51228.89 223.175 315.328
2456780.1383005 50939.31 223.083 315.361
2456780.158732106 51005.88 223.041 315.331
2456780.179163811 51050.18 222.98 315.279
2456780.199595317 51107.48 222.945 315.253
2456780.220027023 51198.0 222.91 315.212
2456780.240458629 51034.46 222.981 315.28
2456780.260890135 51134.62 222.977 315.279
2456780.28132184 51229.43 222.913 315.232
2456780.301753446 51300.11 222.868 315.188
2456780.322184953 51394.05 222.827 315.148
2456780.342616659 51409.13 222.763 315.094
2456780.363048265 51280.71 222.723 315.062
2456780.383479772 51196.23 222.684 315.026
2456780.403911478 51227.08 222.612 314.979
2456780.424343085 51260.01 222.569 314.962
2456780.444774792 51388.8 222.528 314.939
2456780.465206299 51519.42 222.476 314.894
2456780.485637906 51419.31 222.952 315.25
2456780.506069613 51356.92 222.966 315.259
2456780.52650112 51454.86 222.897 315.207
2456780.546932727 51488.29 222.844 315.166
2456780.567364434 51471.74 222.768 315.102
2456780.587795942 51303.23 222.712 315.05
2456780.608227549 51211.62 222.675 315.027
2456780.628659257 51228.42 222.62 314.981
2456780.649090765 51208.0 222.561 314.96
2456780.669522472 51341.09 222.522 314.923
2456780.68995408 51533.71 222.462 314.884
2456780.710385688 51673.0 222.408 314.869
2456780.730817297 51234.4 223.043 315.339
2456780.751248905 51156.12 223.073 315.351
2456780.771680513 51120.84 223.022 315.318
2456780.792112121 51207.54 222.963 315.265
2456780.81254373 51248.7 222.915 315.213
2456780.832975338 51316.04 222.867 315.18
2456780.853406947 51344.56 222.796 315.132
2456780.873838556 51269.64 222.76 315.079
2456780.894270164 51083.43 222.698 315.043
2456780.914701774 51101.63 222.629 314.992
2456780.935133383 51093.28 222.585 314.956
2456780.955565092 51217.52 222.512 314.926
2456780.975996601 51991.05 223.232 315.497
2456780.99642821 52716.65 223.366 315.528
2456781.01685992 52304.44 223.289 315.45
2456781.037291429 51969.11 223.248 315.401
2456781.057723039 51652.43 223.206 315.366
2456781.078154749 51057.88 223.083 315.364
2456781.098586259 51039.33 223.048 315.328
2456781.119017969 51094.44 222.996 315.297
2456781.139449579 51139.57 222.95 315.243
2456781.159881089 51210.16 222.906 315.215
2456781.180312799 51275.61 222.842 315.157
2456781.20074441 51337.86 222.794 315.11
2456781.241607631 51028.21 223.088 315.32
2456781.262039242 51021.31 223.092 315.354
2456781.282470853 51020.75 223.058 315.338
2456781.302902463 51051.38 223.03 315.321
2456781.323334075 51068.77 223.018 315.307
2456781.343765785 51096.32 222.986 315.277
2456781.364197297 51109.41 222.959 315.251
2456781.384628908 51137.82 222.936 315.237
2456781.40506062 51203.84 222.888 315.205
2456781.425492231 51207.76 222.853 315.185
2456781.445923743 51241.32 222.837 315.147
2456781.466355455 51479.25 223.171 315.433
2456781.486786966 51972.81 223.268 315.411
2456781.507218678 51600.7 223.238 315.363
2456781.52765029 51154.38 223.126 315.396
2456781.548081902 50960.75 223.101 315.376
2456781.568513515 50975.79 223.053 315.339
2456781.588945127 50929.49 223.021 315.319
2456781.60937664 50991.99 223.007 315.291
2456781.629808352 50998.0 222.979 315.264
2456781.650239965 51015.33 222.952 315.246
2456781.670671478 51116.53 222.906 315.212
2456781.691103191 51121.71 222.866 315.187
2456781.711534804 50748.8 223.033 315.305
2456781.731966517 50921.72 223.01 315.283
2456781.75239803 50976.94 222.96 315.248
2456781.772829643 50976.95 222.93 315.224
2456781.793261357 51062.47 222.874 315.183
2456781.813692871 51116.16 222.847 315.163
2456781.834124484 51110.85 222.825 315.129
2456781.854556198 51054.25 222.766 315.091
2456781.874987712 50960.61 222.738 315.069
2456781.895419326 50794.3 222.681 315.033
2456781.91585104 50830.59 222.644 314.997
2456781.936282654 50851.84 222.624 314.969
2456781.956714269 50879.59 223.01 315.279
2456781.977145883 50874.77 223.022 315.302
2456781.997577498 50898.89 222.975 315.265
2456782.018009113 50951.61 222.912 315.219
2456782.038440727 51066.25 222.885 315.193
2456782.058872342 51117.51 222.825 315.138
2456782.079304057 51028.62 222.763 315.097
2456782.099735572 50889.1 222.715 315.057
2456782.120167187 50872.11 222.654 314.982
2456782.140598903 50891.8 222.6 314.963
2456782.161030419 51062.52 222.542 314.922
2456782.181462134 51216.36 222.471 314.897
2456782.20189375 51054.88 222.921 315.241
2456782.222325265 51029.15 222.95 315.229
2456782.242756981 51152.35 222.891 315.191
2456782.263188498 51215.49 222.842 315.144
2456782.283620114 51220.27 222.775 315.1
2456782.30405183 51076.68 222.727 315.059
2456782.324483347 50998.38 222.671 315.009
2456782.344915063 51074.6 222.595 314.963
2456782.365346679 51111.55 222.548 314.941
2456782.385778196 51390.14 222.499 314.895
2456782.406209913 51617.02 222.437 314.869
2456782.42664153 51781.27 222.387 314.847
2456782.447073147 51483.42 222.792 315.125
2456782.467504764 51427.37 222.836 315.142
2456782.487936382 51489.92 222.78 315.089
2456782.508367999 51271.61 222.706 315.034
2456782.528799617 51303.49 222.654 315.0
2456782.549231234 51320.43 222.599 314.972
2456782.569662952 51510.61 222.532 314.921
2456782.59009457 51657.08 222.483 314.899
2456782.610526088 51919.99 222.419 314.861
2456782.630957806 52065.17 222.379 314.84
2456782.651389425 52327.23 222.312 314.797
2456782.671820943 52473.81 222.251 314.757
2456782.692252662 51923.09 223.298 315.543
2456782.71268428 52880.05 223.444 315.651
2456782.733115799 52961.99 223.383 315.614
2456782.753547518 52827.86 223.337 315.578
2456782.773979137 52628.45 223.332 315.468
2456782.794410856 52440.15 223.288 315.426
2456782.814842375 52090.21 223.234 315.387
2456782.835273995 51410.09 223.115 315.383
2456782.855705714 51272.51 223.069 315.34
2456782.876137233 51293.81 223.006 315.286
2456782.896568753 51343.79 222.956 315.238
2456782.917000473 51381.19 222.886 315.189
2456782.937432093 52185.44 223.303 315.54
2456782.957863713 52541.05 223.48 315.683
2456782.978295333 52602.9 223.409 315.631
2456782.998726954 52544.7 223.344 315.588
2456783.019158674 52371.36 223.298 315.534
2456783.039590195 52062.05 223.273 315.421
2456783.060021815 51712.79 223.221 315.375
2456783.080453536 51023.47 223.088 315.352
2456783.100885157 51019.34 223.018 315.291
2456783.121316678 51103.33 222.958 315.245
2456783.141748399 51230.32 222.87 315.174
2456783.162180021 51256.49 222.807 315.118
2456783.203043264 51011.13 223.018 315.296
2456783.223474885 50994.82 223.021 315.303
2456783.243906607 51009.86 222.977 315.278
2456783.264338129 51026.13 222.932 315.254
2456783.284769751 51082.52 222.938 315.225
2456783.305201474 51148.6 222.897 315.185
2456783.325632996 51179.27 222.891 315.155
2456783.346064618 51204.71 222.849 315.134
2456783.366496341 51187.15 222.792 315.104
2456783.386927864 51088.75 222.76 315.087
2456783.407359586 50919.81 222.706 315.044
2456783.427791209 50838.56 222.981 315.26
2456783.448222732 50929.38 223.0 315.277
2456783.468654456 50949.88 222.948 315.235
2456783.489086079 51032.94 222.919 315.212
2456783.509517603 51062.48 222.86 315.172
2456783.529949326 51059.67 222.82 315.151
2456783.55038085 51129.34 222.812 315.12
2456783.570812574 50999.4 222.747 315.057
2456783.591244197 50928.52 222.728 315.03
2456783.611675722 50840.61 222.664 314.999
2456783.632107446 50904.82 222.612 314.964
2456783.65253907 50911.48 222.565 314.945
2456783.672970695 51568.75 223.218 315.472
2456783.693402319 52218.59 223.296 315.552
2456783.713833944 52154.98 223.34 315.463
2456783.734265569 51922.5 223.289 315.418
2456783.754697194 51730.5 223.249 315.396
2456783.775128819 51342.52 223.201 315.347
2456783.795560544 50872.58 223.091 315.358
2456783.81599217 50847.7 223.058 315.33
2456783.836423696 50960.16 223.007 315.272
2456783.856855421 51002.75 222.97 315.237
2456783.877287047 51044.59 222.912 315.213
2456783.897718573 51124.81 222.859 315.162
2456783.918150299 52123.91 223.34 315.572
2456783.938581925 52331.26 223.345 315.581
2456783.959013452 52246.83 223.323 315.547
2456783.979445178 52165.95 223.323 315.457
2456783.999876805 51921.42 223.265 315.421
2456784.020308531 51453.76 223.211 315.369
2456784.040740058 50921.19 223.112 315.375
2456784.061171685 50871.37 223.086 315.322
2456784.081603413 50936.1 223.043 315.301
2456784.10203494 50987.41 222.979 315.262
2456784.122466567 51074.84 222.931 315.229
2456784.142898295 51199.65 222.887 315.182
2456784.163329822 52152.77 223.31 315.542
2456784.18376145 52392.94 223.334 315.564
2456784.204193078 52289.0 223.322 315.468
2456784.224624706 52085.32 223.281 315.421
2456784.245056435 51804.48 223.248 315.376
2456784.265487963 51386.21 223.183 315.335
2456784.285919591 51071.69 223.08 315.34
2456784.30635132 51112.27 223.017 315.295
2456784.326782949 51174.6 222.961 315.254
2456784.347214478 51252.7 222.929 315.209
2456784.367646207 51359.46 222.857 315.147
2456784.388077836 51397.84 222.814 315.117
2456784.408509465 52106.99 223.259 315.506
2456784.428941095 52412.74 223.333 315.463
2456784.449372725 52207.23 223.289 315.424
2456784.469804454 51712.67 223.224 315.372
2456784.490235984 51166.0 223.112 315.379
2456784.510667614 51077.48 223.069 315.324
2456784.531099344 51157.45 223.005 315.28
2456784.551530875 51208.66 222.952 315.237
2456784.571962505 51286.21 222.888 315.201
2456784.592394236 51361.22 222.84 315.135
2456784.612825767 51395.75 222.8 315.101
2456784.633257497 51165.2 222.726 315.045
2456784.653689128 51142.04 223.119 315.378
2456784.674120659 51460.16 223.187 315.336
2456784.694552391 51087.95 223.069 315.335
2456784.714984022 51102.85 223.009 315.29
2456784.735415654 51207.25 222.949 315.226
2456784.755847286 51273.55 222.888 315.186
2456784.776278917 51358.64 222.826 315.126
2456784.796710549 51287.63 222.759 315.079
2456784.817142182 51091.37 222.709 315.035
2456784.837573814 51086.07 222.629 314.972
2456784.858005446 51159.09 222.563 314.932
2456784.878437079 51323.45 222.48 314.893
2456784.898868712 51608.67 223.179 315.435
2456784.919300344 52123.01 223.285 315.429
2456784.939731977 51661.16 223.219 315.369
2456784.960163611 50960.92 223.1 315.354
2456784.980595344 50969.12 223.041 315.311
2456785.001026877 51019.46 222.967 315.251
2456785.021458611 51137.34 222.927 315.21
2456785.041890244 51214.14 222.844 315.142
2456785.062321778 51153.2 222.779 315.093
2456785.082753513 50966.33 222.719 315.037
2456785.103185147 50904.32 222.642 314.991
2456785.123616681 50966.97 222.584 314.949
2456785.16448005 50996.89 223.125 315.409
2456785.184911585 52024.5 223.291 315.439
2456785.20534332 51740.89 223.265 315.391
2456785.225774955 51339.65 223.176 315.419
2456785.24620669 50926.85 223.135 315.366
2456785.266638225 50809.87 223.09 315.332
2456785.287069861 50852.63 223.025 315.305
2456785.307501596 50923.53 222.982 315.256
2456785.327933132 50928.69 222.941 315.24
2456785.348364768 51048.95 222.896 315.191
2456785.368796504 51109.11 222.853 315.144
2456785.38922804 51950.93 223.291 315.527
2456785.409659677 52194.67 223.344 315.479
2456785.430091413 52066.07 223.297 315.454
2456785.45052305 51656.06 223.245 315.388
2456785.470954687 51439.22 223.216 315.366
2456785.491386324 50890.98 223.131 315.354
2456785.511817961 50815.31 223.05 315.308
2456785.532249598 50905.81 223.011 315.275
2456785.552681236 51021.55 222.931 315.215
2456785.573112773 51088.95 222.889 315.183
2456785.593544511 51103.99 222.836 315.15
2456785.613976149 51119.02 222.767 315.082
2456785.634407787 50797.13 223.115 315.373
2456785.654839425 51383.02 223.208 315.334
2456785.675271064 50898.48 223.088 315.35
2456785.695702802 50936.93 223.051 315.312
2456785.716134341 51003.69 222.978 315.266
2456785.736565979 51073.82 222.951 315.223
2456785.756997718 51146.19 222.904 315.187
2456785.777429258 51197.65 222.836 315.138
2456785.797860897 51208.07 222.78 315.096
2456785.818292636 51024.0 222.722 315.043
2456785.838724175 50953.24 222.685 315.018
2456785.859155915 50938.71 222.644 314.981
2456785.879587555 51831.4 223.239 315.472
2456785.900019095 52245.05 223.33 315.467
2456785.920450835 51860.01 223.256 315.397
2456785.940882476 51489.67 223.198 315.365
2456785.961314116 50969.29 223.088 315.327
2456785.981745757 51031.63 223.038 315.29
2456786.002177398 51048.65 223.002 315.265
2456786.022609039 51186.95 222.915 315.201
2456786.04304068 51201.36 222.868 315.178
2456786.063472321 51288.02 222.834 315.134
2456786.083904062 51307.54 222.788 315.089
2456786.104335704 51149.02 222.733 315.054
2456786.124767246 52194.96 223.319 315.552
2456786.145198988 52514.91 223.346 315.574
2456786.16563063 52302.87 223.302 315.514
2456786.186062172 52005.41 223.271 315.407
2456786.206493914 51627.22 223.221 315.356
2456786.226925457 51038.34 223.085 315.347
2456786.247357199 51139.09 223.014 315.293
2456786.267788842 51201.6 222.958 315.238
2456786.288220386 51360.88 222.892 315.175
2456786.308652129 51412.4 222.843 315.136
2456786.329083772 51411.7 222.777 315.088
2456786.349515315 51271.32 222.734 315.055
2456786.369947059 51111.5 223.068 315.325
2456786.390378703 51203.38 223.053 315.317
2456786.410810247 51271.27 223.009 315.275
2456786.431241991 51390.82 222.924 315.211
2456786.451673635 51491.93 222.844 315.15
2456786.47210538 51534.87 222.789 315.083
2456786.492536924 51260.11 222.687 315.027
2456786.512968569 51309.54 222.634 314.968
2456786.533400314 51444.82 222.549 314.928
2456786.553831859 51669.33 222.476 314.871
2456786.574263504 51908.32 222.404 314.845
2456786.59469525 52139.05 222.325 314.798
2456786.615126895 51568.2 222.901 315.201
2456786.635558541 51418.58 222.912 315.197
2456786.655990187 51435.73 222.843 315.143
2456786.676421833 51434.08 222.772 315.078
2456786.696853479 51190.25 222.696 315.015
2456786.717285126 51161.13 222.628 314.978
2456786.737716772 51249.39 222.547 314.926
2456786.758148519 51463.01 222.501 314.884
2456786.778580065 51578.65 222.438 314.872
2456786.799011712 51843.96 222.382 314.823
2456786.81944336 51966.04 222.329 314.8
2456786.839875007 52152.25 222.263 314.756
2456786.860306755 50888.57 222.8 315.124
2456786.880738303 51112.48 222.946 315.232
2456786.90116995 51206.13 222.895 315.179
2456786.921601698 51255.26 222.824 315.114
2456786.942033247 51152.56 222.743 315.063
2456786.962464895 50968.71 222.683 315.008
2456786.982896643 50994.74 222.611 314.959
2456787.003328192 51165.47 222.521 314.904
2456787.023759841 51404.32 222.452 314.869
2456787.04419159 51762.14 222.371 314.824
2456787.064623139 51942.68 222.311 314.787
2456787.085054888 52054.7 222.241 314.735
2456787.125918188 52191.07 223.333 315.457
2456787.146349838 52060.93 223.292 315.438
2456787.166781487 51958.69 223.267 315.426
2456787.187213138 51617.27 223.245 315.386
2456787.207644788 51374.4 223.203 315.349
2456787.228076438 51195.3 223.194 315.322
2456787.248508189 50853.84 223.089 315.321
2456787.26893974 50872.06 223.056 315.279
2456787.289371391 50936.98 222.995 315.264
2456787.309803143 50991.23 222.95 315.232
2456787.330234794 51064.1 222.924 315.202
2456787.350666346 50943.99 223.13 315.386
2456787.371098097 51372.26 223.212 315.355
2456787.391529749 50893.02 223.117 315.375
2456787.411961301 50814.41 223.072 315.324
2456787.432393053 50870.5 223.025 315.292
2456787.452824706 50843.43 222.962 315.254
2456787.473256358 50921.57 222.949 315.219
2456787.493688011 51016.61 222.905 315.184
2456787.514119664 51047.3 222.86 315.15
2456787.534551417 51124.64 222.839 315.114
2456787.55498297 51042.03 222.768 315.066
2456787.575414624 50912.42 222.73 315.044
2456787.595846277 50842.88 222.963 315.239
2456787.616277931 50909.68 222.949 315.231
2456787.636709685 50988.39 222.908 315.21
2456787.657141239 51063.45 222.869 315.14
2456787.677572893 51090.75 222.822 315.116
2456787.698004648 51032.68 222.767 315.072
2456787.718436203 50856.28 222.713 315.035
2456787.738867857 50793.59 222.669 315.007
2456787.759299613 50839.88 222.624 314.953
2456787.779731167 50886.53 222.575 314.93
2456787.800162823 51166.16 222.503 314.893
2456787.820594579 51347.72 222.449 314.864
2456787.841026234 50980.29 222.932 315.219
2456787.86145789 50919.56 222.959 315.24
2456787.881889546 50994.77 222.922 315.201
2456787.902321202 51066.79 222.869 315.153
2456787.922752859 51107.5 222.813 315.105
2456787.943184515 50989.2 222.761 315.077
2456787.963616172 50817.29 222.699 315.025
2456787.984047929 50808.02 222.659 315.004
2456788.004479486 50876.88 222.599 314.94
2456788.024911143 50999.68 222.554 314.906
2456788.045342901 51199.1 222.481 314.875
2456788.065774458 51414.84 222.416 314.852
2456788.086206216 51078.77 223.081 315.35
2456788.106637874 51356.98 223.21 315.348
2456788.127069432 50815.29 223.099 315.35
2456788.147501191 50903.96 223.039 315.313
2456788.167932849 50946.24 222.981 315.255
2456788.188364408 51040.38 222.944 315.213
2456788.208796167 51169.01 222.877 315.145
2456788.229227726 51167.55 222.82 315.111
2456788.249659485 51103.51 222.76 315.064
2456788.270091145 50918.23 222.694 315.018
2456788.290522704 50923.78 222.644 314.983
2456788.310954464 51024.99 222.581 314.933
2456788.331386124 51165.01 222.859 315.146
2456788.351817784 51216.52 222.842 315.137
2456788.372249444 51214.51 222.784 315.085
2456788.392681105 51073.61 222.728 315.043
2456788.413112766 51009.44 222.663 314.984
2456788.433544427 51034.98 222.608 314.956
2456788.453976088 51107.55 222.559 314.928
2456788.474407849 51368.51 222.491 314.886
2456788.49483951 51540.22 222.448 314.857
2456788.515271072 51795.71 222.374 314.825
2456788.535702834 51997.54 222.324 314.798
2456788.556134495 52255.75 222.263 314.749
2456788.576566058 51231.33 222.853 315.17
2456788.59699782 51201.15 222.966 315.225
2456788.617429483 51321.14 222.889 315.173
2456788.637861245 51343.44 222.833 315.125
2456788.658292808 51269.49 222.749 315.065
2456788.678724471 51145.31 222.692 315.017
2456788.699156235 51157.0 222.614 314.971
2456788.719587798 51249.97 222.559 314.931
2456788.740019462 51479.61 222.481 314.889
2456788.760451226 51765.98 222.411 314.848
2456788.780882789 51969.56 222.369 314.828
2456788.801314454 52314.27 222.279 314.772
2456788.821746218 51586.62 222.865 315.179
2456788.842177783 51465.48 222.943 315.225
2456788.862609547 51551.65 222.844 315.132
2456788.883041112 51595.16 222.793 315.089
2456788.903472777 51363.87 222.699 315.013
2456788.923904542 51398.13 222.632 314.971
2456788.944336108 51537.43 222.55 314.923
2456788.964767774 51787.81 222.483 314.873
2456788.985199539 52057.1 222.417 314.846
2456789.005631206 52348.83 222.341 314.803
2456789.026062872 52574.7 222.276 314.765
2456789.046494538 52580.67 222.198 314.69
2456789.087357872 51448.83 223.056 315.297
2456789.107789539 51477.12 223.048 315.265
2456789.128221206 51528.93 222.993 315.263
2456789.148652973 51609.61 222.934 315.21
2456789.169084541 51646.95 222.906 315.198
2456789.189516209 51699.02 222.862 315.148
2456789.209947976 51738.61 222.834 315.124
2456789.230379545 51754.86 222.799 315.094
2456789.250811313 51578.57 222.747 315.044
2456789.271242981 51367.5 222.706 315.024
2456789.29167455 51384.61 222.633 314.988
2456789.312106319 51197.95 222.853 315.147
2456789.332537988 51569.68 222.892 315.175
2456789.352969558 51622.09 222.849 315.132
2456789.373401327 51576.82 222.815 315.096
2456789.393832996 51473.21 222.777 315.044
2456789.414264766 51295.02 222.72 315.022
2456789.434696336 51215.14 222.66 314.998
2456789.455128007 51226.33 222.619 314.957
2456789.475559777 51220.62 222.567 314.939
2456789.495991347 51351.03 222.53 314.901
2456789.516423018 51441.69 222.496 314.871
2456789.536854689 51679.46 222.423 314.846
2456789.55728636 51115.14 222.935 315.214
2456789.577718032 50982.59 223.043 315.291
2456789.598149703 51014.61 222.997 315.258
2456789.618581375 51052.51 222.946 315.229
2456789.639013147 51117.15 222.908 315.181
2456789.65944472 51167.07 222.873 315.135
2456789.679876392 51127.05 222.787 315.087
2456789.700308164 51043.5 222.751 315.056
2456789.720739837 50836.6 222.69 315.005
2456789.74117141 50868.11 222.634 314.971
2456789.761603183 50887.88 222.606 314.936
2456789.782034856 51038.17 222.512 314.904
2456789.80246643 50890.21 222.937 315.227
2456789.822898204 50818.32 222.988 315.253
2456789.843329878 50870.86 222.941 315.207
2456789.863761652 50978.04 222.883 315.182
2456789.884193226 51030.19 222.823 315.108
2456789.904624901 51016.18 222.793 315.072
2456789.925056675 50841.88 222.728 315.019
2456789.94548825 50789.61 222.663 314.987
2456789.965919925 50800.3 222.6 314.943
2456789.9863517 50899.57 222.548 314.917
2456790.006783276 51078.22 222.504 314.885
2456790.027215052 51325.64 222.434 314.851
2456790.047646728 50670.28 222.977 315.254
2456790.068078304 50713.77 223.079 315.329
2456790.08851008 50726.9 223.041 315.296
2456790.108941757 50790.11 223.007 315.259
2456790.129373333 50870.58 222.948 315.207
2456790.14980511 50974.01 222.907 315.174
2456790.170236787 50998.85 222.832 315.113
2456790.190668465 51020.68 222.796 315.087
2456790.211100142 50798.79 222.715 315.038
2456790.23153182 50741.98 222.682 314.986
2456790.251963498 50806.34 222.611 314.951
2456790.272395176 50950.21 222.543 314.906
2456790.292826854 50921.71 222.82 315.118
2456790.313258532 51071.34 222.82 315.105
2456790.333690211 51001.71 222.774 315.069
2456790.35412189 50855.66 222.721 315.024
2456790.374553669 50816.8 222.646 314.967
2456790.394985248 50856.49 222.588 314.945
2456790.415417028 51065.11 222.528 314.888
2456790.435848708 51286.29 222.474 314.87
2456790.456280288 51542.21 222.398 314.834
2456790.476712068 51788.73 222.343 314.803
2456790.497143748 51967.17 222.299 314.766
2456790.517575329 52124.3 222.242 314.712
2456790.538007109 51036.3 222.783 315.095
2456790.55843879 51159.48 222.898 315.168
2456790.578870571 51220.83 222.844 315.126
2456790.599302153 51165.81 222.764 315.059
2456790.619733834 51064.03 222.728 315.035
2456790.640165616 51028.23 222.652 314.978
2456790.660597198 51105.49 222.59 314.931
2456790.68102888 51288.16 222.534 314.909
2456790.701460662 51499.3 222.475 314.862
2456790.721892245 51645.64 222.427 314.843
2456790.742323928 51966.13 222.355 314.81
2456790.762755711 52102.54 222.322 314.776
2456790.783187394 51170.92 222.944 315.219
2456790.803619077 51132.7 223.074 315.309
2456790.824050761 51214.34 223.019 315.264
2456790.844482445 51315.02 222.95 315.22
2456790.864914129 51421.45 222.903 315.17
2456790.885345813 51496.41 222.83 315.113
2456790.905777398 51508.36 222.788 315.081
2456790.926209182 51347.37 222.72 315.015
2456790.946640867 51345.0 222.662 314.984
2456790.967072552 51442.77 222.581 314.935
2456790.987504237 51635.95 222.543 314.897
2456791.007935923 51858.4 222.479 314.869
2456791.048799295 51532.17 223.027 315.272
2456791.069230981 51721.92 222.942 315.206
2456791.089662767 51836.73 222.88 315.171
2456791.110094353 51948.36 222.832 315.115
2456791.13052604 51918.48 222.773 315.088
2456791.150957827 51859.95 222.74 315.035
2456791.171389414 51789.84 222.701 315.002
2456791.191821202 51829.15 222.673 314.971
2456791.212252889 51890.02 222.599 314.932
2456791.232684477 51907.4 222.586 314.909
2456791.253116265 52174.3 222.505 314.893
2456791.273547953 51517.82 222.824 315.119
2456791.293979541 51933.91 222.97 315.228
2456791.31441133 51975.84 222.927 315.205
2456791.334843019 51987.73 222.899 315.179
2456791.355274808 51985.19 222.856 315.132
2456791.375706397 51999.32 222.821 315.098
2456791.396138087 51846.29 222.772 315.056
2456791.416569876 51695.68 222.736 315.039
2456791.437001466 51521.87 222.678 315.011
2456791.457433156 51502.45 222.66 314.981
2456791.477864947 51491.97 222.605 314.942
2456791.498296637 51507.09 222.567 314.914
2456791.518728228 51359.69 222.963 315.228
2456791.539160019 51324.6 223.039 315.274
2456791.55959161 51293.37 223.001 315.248
2456791.580023401 51403.2 222.954 315.196
2456791.600455093 51395.11 222.9 315.185
2456791.620886685 51421.74 222.871 315.146
2456791.641318477 51362.0 222.812 315.111
2456791.661750169 51351.43 222.797 315.076
2456791.682181762 51208.64 222.758 315.036
2456791.702613554 51046.83 222.71 315.02
2456791.723045247 51021.64 222.661 314.972
2456791.74347704 51000.12 222.616 314.959
2456791.763908634 50967.03 222.912 315.185
2456791.784340328 51008.73 222.988 315.248
2456791.804772121 51058.62 222.969 315.209
2456791.825203715 51118.17 222.92 315.176
2456791.845635409 51091.87 222.881 315.16
2456791.866067204 51133.95 222.83 315.107
2456791.886498799 51094.21 222.8 315.083
2456791.906930493 50956.52 222.749 315.05
2456791.927362288 50831.24 222.721 315.019
2456791.947793884 50756.41 222.66 314.984
2456791.968225679 50752.83 222.628 314.953
2456791.988657375 50826.23 222.569 314.923
2456792.009089071 50671.14 222.947 315.222
2456792.029520767 50701.46 223.015 315.271
2456792.049952463 50781.66 222.968 315.215
2456792.07038416 50856.23 222.942 315.191
2456792.090815857 50899.41 222.884 315.142
2456792.111247554 50938.14 222.843 315.115
2456792.131679351 50882.53 222.791 315.079
2456792.152111049 50806.26 222.749 315.045
2456792.172542647 50687.45 222.721 315.02
2456792.192974444 50657.25 222.672 314.986
2456792.213406043 50637.6 222.625 314.956
2456792.233837741 50728.84 222.577 314.925
2456792.254269539 50719.22 222.95 315.227
2456792.274701138 50692.71 223.001 315.237
2456792.295132937 50773.73 222.942 315.194
2456792.315564637 50867.05 222.898 315.163
2456792.335996236 50895.58 222.851 315.124
2456792.356428036 50887.9 222.81 315.104
2456792.376859736 50765.16 222.754 315.05
2456792.397291336 50766.81 222.737 315.024
2456792.417723136 50662.61 222.668 314.978
2456792.438154837 50689.81 222.628 314.961
2456792.458586438 50800.23 222.571 314.918
2456792.479018239 50968.69 222.516 314.886
2456792.49944994 50893.61 222.906 315.178
2456792.519881742 50898.73 222.909 315.173
2456792.540313343 50925.16 222.865 315.137
2456792.560745045 50985.59 222.804 315.083
2456792.581176847 50857.36 222.763 315.053
2456792.60160845 50691.14 222.706 315.008
2456792.622040152 50739.45 222.651 314.975
2456792.642471955 50790.09 222.606 314.944
2456792.662903658 50901.87 222.558 314.909
2456792.683335362 51052.55 222.516 314.883
2456792.703767065 51337.89 222.452 314.843
2456792.724198769 51437.49 222.409 314.835
2456792.744630473 50698.33 223.114 315.37
2456792.765062177 52049.05 223.308 315.501
2456792.785493881 51942.1 223.31 315.422
2456792.805925586 51617.32 223.256 315.371
2456792.826357291 51252.93 223.211 315.325
2456792.846788996 50868.52 223.1 315.328
2456792.867220801 50944.85 223.053 315.289
2456792.887652407 51067.94 222.986 315.234
2456792.908084213 51178.79 222.937 315.201
2456792.928515819 51282.29 222.873 315.135
2456792.948947525 51336.2 222.821 315.099
2456792.969379331 51262.63 222.768 315.053
2456793.010242645 51064.92 222.992 315.235
2456793.030674452 51266.79 222.979 315.222
2456793.051106059 51353.14 222.939 315.193
2456793.071537867 51442.99 222.864 315.155
2456793.091969575 51464.06 222.835 315.115
2456793.112401183 51440.18 222.762 315.068
2456793.132832991 51460.51 222.758 315.043
2456793.1532647 51382.89 222.711 315.017
2456793.173696309 51356.75 222.683 314.974
2456793.194128118 51400.18 222.653 314.942
2456793.214559827 51501.08 222.583 314.927
2456793.234991536 51415.84 223.129 315.375
2456793.255423246 52632.54 223.312 315.427
2456793.275854956 52527.98 223.294 315.404
2456793.296286766 52186.6 223.233 315.361
2456793.316718377 52016.41 223.219 315.331
2456793.337150088 51703.71 223.179 315.292
2456793.357581898 51579.76 223.075 315.311
2456793.378013609 51619.14 223.048 315.289
2456793.398445221 51672.27 223.0 315.263
2456793.418877032 51772.74 222.979 315.228
2456793.439308744 51890.09 222.933 315.184
2456793.459740556 51912.27 222.913 315.17
2456793.480172168 51609.6 223.045 315.272
2456793.500603881 51711.59 223.053 315.275
2456793.521035694 51728.5 223.017 315.244
2456793.541467307 51792.77 222.969 315.225
2456793.56189892 51832.94 222.93 315.192
2456793.582330734 51875.09 222.88 315.152
2456793.602762447 51864.88 222.862 315.142
2456793.623194261 51957.37 222.819 315.071
2456793.643625875 51757.15 222.776 315.059
2456793.66405759 51613.07 222.729 315.027
2456793.684489404 51514.7 222.679 314.986
2456793.704921019 51505.42 222.622 314.96
2456793.725352734 51536.45 222.901 315.17
2456793.74578455 51562.1 222.937 315.196
2456793.766216165 51634.02 222.899 315.157
2456793.786647881 51616.47 222.864 315.131
2456793.807079697 51610.68 222.811 315.083
2456793.827511313 51471.68 222.777 315.062
2456793.847943129 51330.94 222.726 315.026
2456793.868374846 51210.58 222.684 314.992
2456793.888806563 51221.57 222.655 314.962
2456793.90923828 51227.54 222.595 314.927
2456793.929669998 51293.98 222.571 314.91
2456793.950101716 51365.69 222.512 314.885
2456793.970533433 50979.26 223.103 315.349
2456793.990965152 51710.62 223.245 315.362
2456794.01139697 51398.73 223.224 315.324
2456794.031828689 50916.25 223.127 315.339
2456794.052260308 50932.08 223.077 315.295
2456794.072692127 50918.86 223.042 315.278
2456794.093123846 50948.7 222.991 315.241
2456794.113555466 50982.88 222.961 315.21
2456794.133987286 51055.77 222.908 315.166
2456794.154419006 51052.0 222.866 315.135
2456794.174850726 51059.15 222.806 315.087
2456794.195282447 50940.99 222.76 315.053
2456794.215714068 50690.3 223.041 315.271
2456794.236145888 50760.94 223.047 315.268
2456794.25657761 50739.03 223.01 315.242
2456794.277009232 50856.96 222.948 315.195
2456794.297441053 50834.36 222.916 315.185
2456794.317872775 50935.0 222.832 315.112
2456794.338304398 50959.46 222.802 315.082
2456794.35873622 50841.24 222.765 315.038
2456794.379167943 50681.78 222.71 315.002
2456794.399599766 50696.5 222.662 314.969
2456794.420031389 50709.09 222.605 314.939
2456794.440463113 50788.29 222.572 314.913
2456794.460894936 50897.54 222.9 315.165
2456794.48132656 50865.56 222.919 315.175
2456794.501758284 50947.67 222.851 315.119
2456794.522190109 50932.49 222.804 315.087
2456794.542621834 50832.09 222.758 315.034
2456794.563053559 50686.91 222.704 315.001
2456794.583485284 50691.02 222.64 314.963
2456794.603917009 50826.24 222.58 314.922
2456794.624348735 50946.29 222.544 314.888
2456794.644780461 51138.49 222.483 314.861
2456794.665212187 51320.17 222.435 314.828
2456794.685644014 51561.07 222.367 314.801
2456794.70607564 51024.34 222.894 315.182
2456794.726507367 50859.29 222.947 315.195
2456794.746939194 50948.82 222.905 315.163
2456794.767370822 50996.25 222.846 315.122
2456794.78780265 51006.55 222.79 315.062
2456794.808234377 50868.5 222.735 315.028
2456794.828666006 50812.85 222.669 314.973
2456794.849097834 50863.11 222.615 314.938
2456794.869529462 51059.44 222.532 314.898
2456794.889961191 51269.71 222.498 314.868
2456794.910393021 51565.17 222.423 314.828
2456794.93082465 51730.23 222.37 314.797
2456794.97168821 50794.47 223.055 315.29
2456794.99211984 50964.06 223.03 315.273
2456795.01255167 51062.7 222.977 315.234
2456795.032983401 51150.29 222.958 315.202
2456795.053415132 51264.48 222.895 315.16
2456795.073846863 51370.05 222.879 315.129
2456795.094278594 51392.34 222.814 315.09
2456795.114710426 51342.74 222.778 315.075
2456795.135142058 51208.51 222.728 315.04
2456795.15557379 51159.41 222.703 315.003
2456795.176005622 51228.13 222.675 314.971
2456795.196437255 51336.11 222.973 315.226
2456795.216868988 51343.73 222.98 315.194
2456795.237300821 51491.13 222.926 315.161
2456795.257732554 51524.58 222.891 315.149
2456795.278164188 51595.88 222.832 315.097
2456795.298596022 51606.45 222.801 315.078
2456795.319027756 51487.51 222.757 315.04
2456795.339459591 51430.2 222.72 315.018
2456795.359891226 51438.3 222.684 314.987
2456795.38032296 51497.43 222.646 314.956
2456795.400754795 51569.11 222.612 314.937
2456795.421186431 51710.05 222.561 314.91
2456795.441618166 51559.16 223.026 315.273
2456795.462050003 51545.57 223.062 315.316
2456795.482481638 51612.0 223.058 315.281
2456795.502913475 51680.79 223.022 315.25
2456795.523345112 51767.73 222.995 315.217
2456795.543776849 51821.1 222.961 315.186
2456795.564208686 51904.64 222.919 315.165
2456795.584640324 51978.54 222.868 315.143
2456795.605072061 52039.75 222.826 315.093
2456795.625503899 51935.67 222.789 315.079
2456795.645935537 51833.31 222.739 315.027
2456795.666367376 51707.81 222.714 315.007
2456795.686799115 51588.12 223.027 315.238
2456795.707230854 51635.1 223.058 315.285
2456795.727662593 51681.04 223.024 315.262
2456795.748094332 51724.05 222.977 315.21
2456795.768526072 51726.5 222.954 315.2
2456795.788957812 51731.08 222.899 315.164
2456795.809389553 51770.3 222.88 315.132
2456795.829821293 51761.03 222.832 315.098
2456795.850253134 51720.48 222.803 315.08
2456795.870684775 51552.53 222.757 315.036
2456795.891116616 51406.96 222.72 315.011
2456795.911548358 51333.66 222.672 314.983
2456795.931979999 51203.46 223.121 315.336
2456795.952411842 51707.18 223.225 315.325
2456795.972843584 51137.11 223.1 315.323
2456795.993275227 51131.29 223.079 315.299
2456796.01370707 51165.99 223.018 315.259
2456796.034138813 51197.33 222.988 315.231
2456796.054570656 51216.65 222.947 315.196
2456796.0750023 51269.72 222.917 315.156
2456796.095434044 51282.88 222.864 315.116
2456796.115865788 51281.22 222.805 315.074
2456796.136297532 51141.4 222.762 315.044
2456796.156729277 50937.63 222.706 315.0
2456796.177161022 50927.87 222.988 315.227
2456796.197592767 50988.98 222.989 315.219
2456796.218024612 51010.71 222.944 315.193
2456796.238456258 51094.87 222.888 315.149
2456796.258888004 51141.96 222.836 315.107
2456796.279319851 51133.42 222.81 315.073
2456796.299751497 50916.38 222.748 315.024
2456796.320183244 50784.4 222.703 314.992
2456796.340615091 50849.71 222.645 314.956
2456796.361046738 50839.86 222.605 314.927
2456796.381478486 50911.4 222.541 314.906
2456796.401910333 51163.33 222.5 314.863
2456796.422342082 50813.65 223.144 315.37
2456796.44277383 51757.11 223.322 315.4
2456796.463205579 51577.25 223.284 315.376
2456796.483637328 51184.37 223.224 315.33
2456796.504069077 50868.34 223.187 315.298
2456796.524500826 50714.19 223.072 315.292
2456796.544932576 50741.05 223.048 315.269
2456796.565364426 50833.27 222.988 315.223
2456796.585796076 50908.02 222.943 315.192
2456796.606227926 50979.46 222.898 315.15
2456796.626659677 51027.58 222.853 315.109
2456796.647091328 51033.48 222.806 315.077
2456796.66752318 50642.7 223.076 315.301
2456796.687954931 50696.88 223.088 315.316
2456796.708386583 50787.87 223.045 315.266
2456796.728818435 50834.55 223.005 315.233
2456796.749250187 50941.18 222.95 315.191
2456796.76968194 51049.92 222.905 315.159
2456796.790113693 51123.3 222.852 315.112
2456796.810545446 51143.39 222.807 315.079
2456796.830977199 51013.2 222.761 315.034
2456796.851408953 50882.02 222.708 314.997
2456796.871840707 50917.76 222.657 314.964
2456796.892272461 50982.83 222.616 314.925
2456796.93313597 51100.95 222.942 315.187
2456796.953567726 51179.21 222.9 315.155
2456796.973999481 51252.37 222.834 315.11
2456796.994431336 51336.16 222.818 315.071
2456797.014862992 51164.8 222.769 315.029
2456797.035294748 51116.33 222.75 315.008
2456797.055726605 51084.9 222.712 314.981
2456797.076158361 51094.28 222.649 314.957
2456797.096590018 51139.0 222.618 314.934
2456797.117021875 51262.71 222.57 314.909
2456797.137453633 51325.27 222.55 314.896
2456797.15788539 50892.09 222.896 315.165
2456797.178317148 51080.2 223.103 315.318
2456797.198748907 51176.1 223.068 315.283
2456797.219180765 51199.89 223.048 315.267
2456797.239612424 51300.36 223.006 315.233
2456797.260044183 51320.57 222.984 315.228
2456797.280476043 51353.12 222.944 315.202
2456797.300907702 51455.71 222.926 315.169
2456797.321339562 51526.55 222.892 315.138
2456797.341771322 51557.77 222.85 315.102
2456797.362202982 51603.85 222.832 315.075
2456797.382634843 51504.75 222.774 315.051
2456797.403066604 51294.67 223.03 315.239
2456797.423498265 51338.84 223.014 315.251
2456797.443930127 51427.59 222.991 315.221
2456797.464361889 51463.16 222.949 315.193
2456797.484793751 51529.66 222.9 315.163
2456797.505225413 51642.73 222.885 315.121
2456797.525657076 51643.63 222.836 315.091
2456797.546088939 51637.39 222.795 315.065
2456797.566520702 51467.72 222.741 315.021
2456797.586952466 51397.33 222.711 314.998
2456797.607384229 51445.3 222.661 314.966
2456797.627815993 51456.5 222.645 314.946
2456797.648247757 51698.51 223.192 315.395
2456797.668679522 52428.05 223.286 315.469
2456797.689111287 52359.34 223.305 315.391
2456797.709543152 52113.64 223.254 315.354
2456797.729974917 51974.46 223.238 315.329
2456797.750406583 51657.82 223.2 315.303
2456797.770838449 51485.32 223.183 315.289
2456797.791270215 51388.58 223.084 315.286
2456797.811701882 51369.93 223.063 315.291
2456797.832133748 51437.36 223.023 315.243
2456797.852565515 51474.95 222.986 315.221
2456797.872997383 51520.14 222.933 315.183
2456797.89342905 51224.5 223.14 315.346
2456797.913860818 51589.77 223.216 315.304
2456797.934292686 51233.61 223.116 315.304
2456797.954724355 51223.66 223.077 315.289
2456797.975156123 51362.02 223.015 315.232
2456797.995587992 51376.77 222.976 315.208
2456798.016019662 51401.63 222.918 315.174
2456798.036451531 51508.94 222.889 315.134
2456798.056883301 51476.52 222.833 315.09
2456798.077314971 51353.99 222.778 315.048
2456798.097746842 51191.95 222.719 315.01
2456798.118178612 51173.25 222.665 314.955
2456798.138610283 51140.72 223.009 315.251
2456798.159042154 51143.07 223.035 315.242
2456798.179473826 51203.22 222.983 315.207
2456798.199905698 51308.36 222.917 315.161
2456798.22033747 51333.24 222.863 315.113
2456798.240769142 51295.76 222.781 315.056
2456798.261201015 51159.82 222.751 315.031
2456798.281632788 51034.78 222.715 314.983
2456798.302064561 51041.66 222.67 314.961
2456798.322496334 51035.12 222.643 314.942
2456798.342928108 51108.4 222.593 314.917
2456798.363359882 51178.82 222.566 314.906
2456798.383791656 51016.11 223.06 315.28
2456798.404223431 50904.32 223.11 315.309
2456798.424655306 50985.27 223.051 315.262
2456798.445087081 51027.47 223.014 315.241
2456798.465518756 51143.17 222.949 315.182
2456798.485950632 51213.25 222.912 315.142
2456798.506382408 51290.19 222.843 315.097
2456798.526814085 51219.75 222.802 315.07
2456798.547245961 51065.38 222.741 315.022
2456798.567677738 50951.88 222.702 314.991
2456798.588109615 51013.98 222.666 314.947
2456798.608541293 51039.0 222.597 314.923
2456798.628973071 50910.22 223.088 315.287
2456798.649404949 51221.98 223.203 315.306
2456798.669836627 50892.11 223.118 315.323
2456798.690268405 50988.01 223.049 315.266
2456798.710700284 51070.4 223.019 315.233
2456798.731131963 51230.09 222.942 315.184
2456798.751563843 51312.79 222.907 315.148
2456798.771995622 51380.61 222.845 315.097
2456798.792427302 51365.6 222.801 315.053
2456798.812859183 51232.92 222.739 315.019
2456798.833290863 51133.11 222.677 314.981
2456798.853722644 51195.34 222.636 314.932
2456798.894586207 51056.18 223.147 315.315
2456798.915017989 51081.69 223.119 315.308
2456798.935449871 51067.53 223.114 315.287
2456798.955881653 51115.86 223.051 315.271
2456798.976313435 51177.83 223.029 315.249
2456798.996745219 51207.59 222.999 315.223
2456799.017177002 51221.96 222.974 315.216
2456799.037608785 51310.08 222.94 315.172
2456799.058040569 51342.99 222.915 315.154
2456799.078472353 51325.09 222.874 315.118
2456799.098904237 51369.96 222.836 315.088
2456799.119335922 50931.07 223.079 315.294
2456799.139767807 50969.19 223.073 315.293
2456799.160199592 51011.32 223.05 315.277
2456799.180631278 51091.93 223.009 315.222
2456799.201063163 51105.61 222.991 315.203
2456799.221494949 51152.88 222.939 315.17
2456799.241926636 51183.25 222.92 315.145
2456799.262358523 51199.78 222.879 315.108
2456799.282790309 51238.19 222.851 315.102
2456799.303222197 51162.93 222.792 315.063
2456799.323653884 51098.2 222.77 315.038
2456799.344085672 50970.95 222.728 315.012
2456799.36451756 50813.88 223.003 315.234
2456799.384949248 50917.37 223.053 315.253
2456799.405381037 50955.85 223.016 315.221
2456799.425812926 51001.64 222.978 315.206
2456799.446244616 51137.79 222.926 315.162
2456799.466676505 51150.17 222.898 315.143
2456799.487108195 51201.17 222.838 315.102
2456799.507539985 51207.18 222.808 315.065
2456799.527971875 51124.69 222.784 315.033
2456799.548403566 51062.46 222.742 315.003
2456799.568835357 50924.11 222.69 314.98
2456799.589267249 50978.07 222.656 314.949
2456799.60969904 50928.99 222.962 315.191
2456799.630130732 50996.98 223.029 315.244
2456799.650562624 51050.84 223.003 315.225
2456799.670994417 51138.94 222.955 315.188
2456799.69142621 51221.89 222.931 315.165
2456799.711858003 51268.09 222.881 315.129
2456799.732289796 51324.7 222.854 315.096
2456799.75272169 51321.17 222.795 315.06
2456799.773153384 51236.46 222.761 315.03
2456799.793585178 51123.36 222.716 315.003
2456799.814017073 51114.57 222.689 314.963
2456799.834448768 51158.28 222.661 314.94
2456799.854880663 50992.51 223.073 315.295
2456799.875312458 51828.06 223.267 315.344
2456799.895744154 51494.92 223.223 315.301
2456799.91617605 51393.08 223.202 315.294
2456799.936607847 51176.18 223.083 315.286
2456799.957039543 51204.69 223.07 315.275
2456799.977471441 51288.57 223.016 315.236
2456799.997903238 51350.87 222.99 315.216
2456800.018335135 51467.38 222.949 315.199
2456800.038766833 51493.45 222.907 315.149
2456800.059198631 51563.57 222.874 315.114
2456800.07963043 51649.27 222.837 315.076
2456800.100062228 51243.46 223.098 315.295
2456800.120494028 51281.86 223.099 315.296
2456800.140925827 51281.17 223.073 315.278
2456800.161357626 51387.08 223.023 315.231
2456800.181789526 51411.56 222.996 315.224
2456800.202221227 51521.29 222.937 315.176
2456800.222653027 51551.52 222.925 315.145
2456800.243084928 51604.3 222.852 315.106
2456800.263516629 51709.65 222.821 315.063
2456800.283948431 51528.32 222.77 315.043
2456800.304380333 51383.5 222.732 314.998
2456800.324812135 51376.33 222.686 314.971
2456800.345243837 51330.81 223.025 315.249
2456800.365675739 51348.96 223.078 315.278
2456800.386107543 51384.24 223.03 315.239
2456800.406539446 51424.52 222.991 315.221
2456800.42697115 51569.57 222.947 315.173
2456800.447402953 51517.18 222.923 315.157
2456800.467834857 51624.78 222.858 315.098
2456800.488266562 51636.52 222.821 315.078
2456800.508698367 51490.0 222.759 315.026
2456800.529130272 51385.02 222.734 315.006
2456800.549561977 51295.01 222.687 314.956
2456800.569993883 51310.75 222.638 314.937
2456800.590425689 51577.07 222.864 315.11
2456800.610857395 51523.3 222.869 315.107
2456800.631289302 51564.72 222.817 315.067
2456800.651721109 51419.36 222.767 315.027
2456800.672152816 51296.97 222.725 315.002
2456800.692584724 51258.65 222.662 314.948
2456800.713016531 51286.55 222.621 314.922
2456800.73344834 51437.61 222.56 314.877
2456800.753880148 51560.77 222.523 314.856
2456800.774311957 51810.35 222.447 314.822
2456800.794743866 51967.02 222.401 314.805
2456800.815175575 52142.57 222.357 314.759
2456800.856039195 51208.78 223.041 315.242
2456800.876471005 51221.88 223.039 315.241
2456800.896902916 51283.63 223.022 315.209
2456800.917334727 51304.71 223.014 315.193
2456800.937766438 51309.5 222.973 315.18
2456800.958198349 51353.3 222.942 315.174
2456800.978630161 51362.44 222.919 315.161
2456800.999061873 51406.71 222.883 315.119
2456801.019493786 51418.34 222.851 315.098
2456801.039925599 51437.52 222.818 315.058
2456801.060357311 51359.0 222.799 315.047
2456801.080789225 51174.19 222.99 315.201
2456801.101221038 51144.32 223.013 315.232
2456801.121652952 51218.36 222.967 315.188
2456801.142084667 51210.94 222.94 315.179
2456801.162516481 51278.63 222.893 315.134
2456801.182948396 51265.11 222.879 315.117
2456801.203380111 51346.16 222.838 315.077
2456801.223811927 51338.11 222.816 315.053
2456801.244243843 51170.66 222.786 315.034
2456801.264675559 50933.24 222.724 315.011
2456801.285107475 50764.91 222.673 314.965
2456801.305539292 50937.68 222.671 314.959
2456801.325971009 50671.52 223.093 315.291
2456801.346402926 51429.02 223.252 315.331
2456801.366834744 51306.73 223.228 315.319
2456801.387266562 50757.54 223.123 315.338
2456801.40769838 50815.7 223.116 315.309
2456801.428130199 50873.43 223.097 315.266
2456801.448562018 50899.45 223.052 315.254
2456801.468993837 50900.52 223.023 315.225
2456801.489425656 50989.61 222.988 315.206
2456801.509857477 51067.57 222.948 315.198
2456801.530289297 51097.11 222.914 315.146
2456801.550721117 51164.58 222.86 315.102
2456801.571152938 50766.94 223.145 315.318
2456801.591584759 51106.92 223.218 315.29
2456801.612016681 50784.39 223.122 315.313
2456801.632448502 50854.25 223.098 315.293
2456801.652880224 50922.39 223.046 315.249
2456801.673312147 50923.17 223.026 315.234
2456801.693743969 50984.38 222.985 315.202
2456801.714175692 51099.15 222.966 315.192
2456801.734607616 51091.74 222.903 315.135
2456801.755039439 51185.04 222.873 315.11
2456801.775471163 51258.57 222.821 315.07
2456801.795903088 51130.11 222.786 315.039
2456801.816334912 51020.75 222.969 315.208
2456801.836766837 51117.89 222.963 315.179
2456801.857198562 51183.03 222.95 315.155
2456801.877630388 51212.15 222.904 315.131
2456801.898062313 51239.97 222.873 315.105
2456801.91849404 51330.1 222.816 315.058
2456801.938925866 51227.98 222.787 315.042
2456801.959357793 51108.51 222.732 314.995
2456801.97978952 51070.07 222.703 314.977
2456802.000221448 51092.41 222.649 314.937
2456802.020653275 51140.43 222.614 314.917
2456802.041085003 51294.04 222.556 314.88
2456802.061516932 51246.09 222.96 315.197
2456802.08194876 51114.92 223.019 315.223
2456802.102380489 51254.47 222.989 315.189
2456802.122812419 51349.32 222.952 315.164
2456802.143244248 51402.52 222.904 315.129
2456802.163676078 51421.91 222.878 315.118
2456802.184107909 51471.73 222.823 315.063
2456802.204539739 51404.34 222.79 315.043
2456802.22497157 51285.52 222.739 315.007
2456802.245403401 51250.4 222.724 314.976
2456802.265835233 51263.52 222.651 314.936
2456802.286267165 51341.7 222.63 314.922
2456802.306698897 51562.48 222.844 315.084
2456802.327130729 51641.22 222.863 315.098
2456802.347562662 51684.34 222.823 315.066
2456802.367994395 51617.8 222.791 315.039
2456802.388426329 51489.73 222.743 314.999
2456802.408858162 51375.39 222.702 314.97
2456802.429289897 51468.75 222.65 314.944
2456802.449721831 51490.72 222.621 314.916
2456802.470153666 51602.2 222.568 314.882
2456802.490585401 51807.77 222.526 314.853
2456802.511017337 51909.15 222.489 314.836
2456802.531449172 52132.72 222.432 314.813
2456802.551881108 51644.33 222.978 315.196
2456802.572312844 51484.56 223.041 315.238
2456802.592744681 51544.37 223.024 315.217
2456802.613176618 51653.07 222.973 315.177
2456802.633608356 51689.02 222.932 315.155
2456802.654040193 51706.05 222.883 315.12
2456802.674472131 51774.78 222.855 315.093
2456802.694903869 51740.41 222.806 315.052
2456802.715335808 51665.22 222.771 315.026
2456802.735767647 51502.91 222.733 314.993
2456802.756199386 51452.98 222.684 314.956
2456802.776631326 51459.52 222.644 314.928
2456802.817495006 51286.2 223.092 315.291
2456802.837926846 51303.67 223.14 315.315
2456802.858358688 51337.78 223.11 315.292
2456802.878790429 51365.33 223.055 315.261
2456802.89922237 51413.61 223.028 315.236
2456802.919654212 51436.79 222.982 315.202
2456802.940086154 51454.7 222.971 315.203
2456802.960517897 51512.17 222.916 315.154
2456802.980949739 51560.96 222.916 315.138
2456803.001381683 51586.23 222.879 315.098
2456803.021813427 51616.13 222.861 315.077
2456803.04224527 51342.69 223.191 315.393
2456803.062677214 52467.82 223.392 315.531
2456803.083108959 52254.36 223.366 315.507
2456803.103540903 52206.76 223.321 315.471
2456803.123972749 52172.93 223.335 315.403
2456803.144404494 52002.82 223.317 315.383
2456803.16483644 51867.99 223.291 315.358
2456803.185268286 51643.45 223.263 315.334
2456803.205700032 51472.95 223.246 315.311
2456803.226131979 51099.49 223.202 315.278
2456803.246563826 51088.97 223.182 315.257
2456803.266995774 50929.12 223.074 315.275
2456803.287427522 50997.98 223.062 315.251
2456803.30785937 51001.66 223.006 315.228
2456803.328291318 51024.0 222.996 315.201
2456803.348723067 51088.75 222.966 315.175
2456803.369154916 51156.19 222.935 315.156
2456803.389586865 51180.07 222.927 315.127
2456803.410018715 51167.92 222.882 315.107
2456803.430450565 51205.79 222.866 315.085
2456803.450882316 51177.79 222.814 315.058
2456803.471314166 51109.59 222.791 315.037
2456803.491746117 50947.73 222.753 315.006
2456803.512177969 50839.42 222.724 314.991
2456803.532609721 50770.68 223.038 315.249
2456803.553041672 50787.11 223.085 315.27
2456803.573473525 50834.59 223.056 315.229
2456803.593905278 50833.06 223.018 315.218
2456803.614337231 50933.96 222.973 315.179
2456803.634769084 50972.33 222.942 315.164
2456803.655201038 51044.21 222.9 315.121
2456803.675632792 51086.65 222.861 315.1
2456803.696064646 51136.64 222.835 315.063
2456803.716496601 50999.0 222.795 315.035
2456803.736928356 50877.29 222.753 314.996
2456803.757360211 50766.56 222.712 314.977
2456803.777792167 50568.0 223.135 315.315
2456803.798223923 51237.92 223.245 315.32
2456803.818655879 51086.36 223.222 315.304
2456803.839087736 50708.66 223.12 315.301
2456803.859519493 50734.75 223.09 315.282
2456803.879951451 50818.05 223.053 315.226
2456803.900383308 50829.42 223.019 315.222
2456803.920815066 50947.9 222.967 315.175
2456803.941247025 51011.35 222.94 315.16
2456803.961678883 51074.53 222.892 315.125
2456803.982110842 51097.74 222.865 315.096
2456804.002542602 51125.77 222.825 315.063
2456804.022974461 50767.63 223.016 315.205
2456804.043406322 50899.96 223.035 315.218
2456804.063838282 50987.0 223.001 315.191
2456804.084270043 51060.03 222.961 315.163
2456804.104701904 51090.3 222.912 315.135
2456804.125133765 51139.74 222.881 315.114
2456804.145565627 51199.14 222.843 315.076
2456804.165997589 51262.31 222.816 315.046
2456804.186429351 51101.87 222.766 315.011
2456804.206861314 50979.67 222.727 314.993
2456804.227293177 50952.38 222.67 314.952
2456804.247724941 50984.37 222.64 314.927
2456804.268156904 50942.82 223.106 315.29
2456804.288588768 51498.7 223.259 315.305
2456804.309020533 50975.03 223.136 315.309
2456804.329452497 51053.5 223.112 315.296
2456804.349884363 51161.32 223.059 315.245
2456804.370316328 51225.82 223.018 315.224
2456804.390748094 51387.11 222.972 315.181
2456804.41117996 51528.02 222.926 315.151
2456804.431611926 51603.11 222.889 315.108
2456804.452043694 51693.82 222.851 315.079
2456804.47247556 51629.11 222.798 315.037
2456804.492907528 51500.68 222.746 314.995
2456804.513339296 52386.87 223.316 315.477
2456804.533771264 52657.61 223.342 315.501
2456804.554203133 52520.54 223.309 315.467
2456804.574635001 52421.98 223.316 315.371
2456804.595066871 52268.07 223.288 315.341
2456804.61549874 52003.6 223.24 315.303
2456804.63593061 51824.41 223.211 315.287
2456804.65636248 51634.17 223.085 315.274
2456804.676794351 51667.09 223.071 315.249
2456804.697226222 51797.29 223.008 315.212
2456804.717658093 51835.7 222.986 315.186
2456804.738089964 51927.61 222.922 315.146
2456804.758521836 51973.75 222.892 315.121
2456804.778953709 52090.87 222.854 315.069
2456804.799385581 51976.01 222.806 315.046
2456804.819817554 51802.12 222.754 314.994
2456804.840249327 51649.55 222.706 314.97
2456804.860681201 51690.25 222.658 314.932
2456804.881113175 51742.19 222.616 314.909
2456804.901544949 51823.05 222.573 314.867
2456804.921976924 51970.0 222.511 314.848
2456804.942408799 52163.1 222.474 314.807
2456804.962840574 52315.38 222.418 314.798
2456804.98327255 52453.65 222.383 314.759
2456805.003704426 51558.51 223.028 315.234
2456805.024136202 52123.6 223.264 315.324
2456805.044568179 51731.0 223.214 315.281
2456805.065000056 51457.74 223.12 315.301
2456805.085432034 51484.43 223.065 315.262
2456805.105863811 51532.89 223.047 315.231
2456805.126295689 51616.72 222.995 315.183
2456805.146727668 51692.61 222.969 315.185
2456805.167159447 51727.59 222.909 315.123
2456805.187591326 51716.96 222.878 315.102
