Dates Flux Xpos Ypos
2456768.962217216 21445.16 422.662 595.995
2456768.982648807 21528.23 422.752 595.945
2456769.003080397 21533.22 422.754 595.952
2456769.023511988 21516.91 422.752 595.963
2456769.043943578 21535.95 422.765 595.948
2456769.064375169 21547.92 422.772 595.965
2456769.084806759 21552.43 422.776 595.972
2456769.105238449 21574.38 422.794 595.98
2456769.12567004 21583.25 422.8 595.987
2456769.14610153 21596.81 422.822 595.992
2456769.16653322 21597.04 422.82 596.003
2456769.18696471 21595.19 422.831 595.999
2456769.207396301 21597.87 422.831 596.004
2456769.227827991 21605.72 422.837 596.007
2456769.248259481 21599.91 422.835 596.005
2456769.268691071 21591.8 422.838 596.006
2456769.289122761 21616.78 422.856 596.015
2456769.309554251 21601.42 422.856 596.016
2456769.329985841 21609.69 422.866 596.033
2456769.350417531 21612.61 422.891 596.027
2456769.370849021 21620.17 422.904 596.047
2456769.391280711 21616.58 422.899 596.042
2456769.4117123 21594.19 422.9 596.049
2456769.43214379 21594.62 422.896 596.038
2456769.47300707 21183.9 422.775 596.064
2456769.493438659 21491.91 422.916 596.123
2456769.513870249 21458.44 422.897 596.15
2456769.534301839 21452.88 422.892 596.149
2456769.554733428 21454.67 422.904 596.149
2456769.575165118 21437.23 422.898 596.161
2456769.595596607 21429.18 422.931 596.161
2456769.616028297 21425.31 422.925 596.169
2456769.636459887 22042.55 422.927 596.173
2456769.656891376 21404.52 422.921 596.17
2456769.677323065 21372.22 422.928 596.181
2456769.697754655 21378.87 422.936 596.167
2456769.718186144 21375.08 422.939 596.172
2456769.738617833 21386.55 422.947 596.162
2456769.759049423 21344.25 422.969 596.184
2456769.779480912 21344.4 422.957 596.187
2456769.799912601 21351.96 422.956 596.177
2456769.82034419 21319.39 422.955 596.195
2456769.84077568 21315.43 422.977 596.185
2456769.861207369 21308.0 422.976 596.195
2456769.881638858 21308.25 422.975 596.196
2456769.902070547 21289.15 422.979 596.201
2456769.922502136 21290.6 422.975 596.204
2456769.942933625 21279.23 423.0 596.197
2456769.963365314 21252.4 423.005 596.213
2456769.983796903 21269.61 423.011 596.215
2456770.004228492 21269.54 423.018 596.219
2456770.024660081 21237.24 423.016 596.228
2456770.04509167 21232.56 423.029 596.232
2456770.065523259 21238.38 423.043 596.228
2456770.085954848 21218.42 423.06 596.242
2456770.106386437 21196.47 423.057 596.254
2456770.126818025 21191.32 423.074 596.264
2456770.147249714 21194.21 423.101 596.259
2456770.167681203 21193.33 423.119 596.268
2456770.188112892 21158.77 423.116 596.281
2456770.208544481 21159.98 423.124 596.289
2456770.228975969 21152.63 423.128 596.29
2456770.249407658 21149.1 423.148 596.295
2456770.269839247 21146.38 423.158 596.311
2456770.290270735 21110.6 423.155 596.328
2456770.310702424 21130.47 423.185 596.322
2456770.331134012 21139.94 423.208 596.32
2456770.351565501 21115.22 423.21 596.342
2456770.37199719 21087.84 423.218 596.344
2456770.392428778 21104.43 423.224 596.354
2456770.412860367 21080.49 423.23 596.364
2456770.433291955 21069.99 422.701 596.01
2456770.453723543 21155.89 422.634 595.971
2456770.474155232 21147.75 422.645 595.991
2456770.494586721 21154.5 422.659 595.994
2456770.515018309 21234.68 422.744 595.938
2456770.535449897 21229.76 422.758 595.952
2456770.555881485 21246.6 422.762 595.962
2456770.576313074 21262.89 422.785 595.96
2456770.596744662 21253.75 422.779 595.972
2456770.617176251 21249.04 422.777 595.973
2456770.637607839 21257.29 422.783 595.969
2456770.658039527 21257.84 422.791 595.981
2456770.678471015 21285.49 422.811 595.989
2456770.698902604 21286.26 422.804 595.983
2456770.719334292 21279.52 422.802 595.984
2456770.73976578 21281.11 422.81 595.984
2456770.760197468 21272.99 422.811 595.994
2456770.780629057 21278.98 422.809 595.987
2456770.801060544 21264.97 422.814 595.987
2456770.821492233 21265.06 422.809 595.99
2456770.841923821 21240.81 422.792 595.982
2456770.862355309 21278.79 422.814 595.987
2456770.882786997 21270.91 422.803 595.982
2456770.903218585 21266.42 422.797 595.991
2456770.923650073 21248.98 422.798 595.98
2456770.944081761 21263.89 422.795 595.973
2456770.964513349 21265.51 422.794 595.978
2456770.984944937 21242.66 422.79 595.98
2456771.005376525 21255.94 422.794 595.982
2456771.025808113 21260.22 422.795 595.982
2456771.046239801 21271.31 422.81 595.992
2456771.066671289 21300.11 422.828 595.996
2456771.087102877 21329.67 422.854 596.016
2456771.107534565 21351.1 422.882 596.038
2456771.127966153 21338.89 422.901 596.043
2456771.148397641 21340.37 422.919 596.055
2456771.168829329 21366.13 422.915 596.054
2456771.189260917 21359.8 422.914 596.052
2456771.209692405 21371.96 422.913 596.049
2456771.230124092 21360.26 422.907 596.048
2456771.25055558 21369.98 422.897 596.046
2456771.270987168 21358.19 422.876 596.026
2456771.291418856 21367.28 422.862 596.023
2456771.311850344 21348.14 422.852 596.019
2456771.332282031 21346.26 422.845 596.009
2456771.352713619 21346.21 422.85 596.011
2456771.373145107 21366.46 422.843 596.012
2456771.393576795 21342.3 422.831 596.001
2456771.434439871 21155.8 422.587 595.915
2456771.454871558 21174.89 422.607 595.948
2456771.475303146 21181.15 422.61 595.948
2456771.495734734 21174.64 422.599 595.965
2456771.516166321 21182.41 422.609 595.97
2456771.536597909 21193.83 422.627 595.979
2456771.557029497 21205.87 422.648 595.974
2456771.577461084 21188.36 422.644 595.986
2456771.597892672 21194.22 422.625 595.982
2456771.61832436 21197.29 422.625 595.985
2456771.638755947 21198.73 422.613 595.953
2456771.659187435 21197.44 422.612 595.961
2456771.679619123 21212.46 422.626 595.941
2456771.700050711 21201.83 422.604 595.942
2456771.720482198 21187.03 422.578 595.947
2456771.740913886 21180.52 422.57 595.939
2456771.761345474 21192.69 422.568 595.951
2456771.781776961 21199.54 422.568 595.926
2456771.802208649 21198.62 422.574 595.927
2456771.822640236 21203.03 422.56 595.933
2456771.843071724 21204.42 422.561 595.926
2456771.863503412 21237.01 422.561 595.931
2456771.883934999 21203.31 422.556 595.927
2456771.904366587 21211.1 422.561 595.911
2456771.924798174 21212.33 422.539 595.916
2456771.945229762 21235.78 422.543 595.914
2456771.96566135 21228.49 422.531 595.917
2456771.986092937 21224.99 422.53 595.914
2456772.006524525 21229.72 422.525 595.893
2456772.026956113 21254.46 422.516 595.904
2456772.0473877 21239.82 422.503 595.893
2456772.067819288 21263.08 422.494 595.888
2456772.088250875 21270.07 422.486 595.882
2456772.108682463 21264.87 422.487 595.871
2456772.129114151 21267.41 422.474 595.863
2456772.149545638 21270.71 422.457 595.865
2456772.169977226 21260.18 422.437 595.852
2456772.190408913 21259.41 422.413 595.827
2456772.210840501 21266.45 422.395 595.821
2456772.231271989 21275.39 422.372 595.807
2456772.251703676 21288.04 422.374 595.804
2456772.272135264 21287.18 422.376 595.79
2456772.292566751 21277.32 422.363 595.788
2456772.312998439 21311.05 422.342 595.785
2456772.333430026 21315.31 422.323 595.759
2456772.353861514 21328.47 422.301 595.757
2456772.374293202 21350.51 422.291 595.725
2456772.394724789 21265.16 422.785 596.072
2456772.415156477 21549.14 422.897 596.041
2456772.435587964 21562.31 422.879 596.033
2456772.456019552 21532.26 422.856 596.02
2456772.47645124 21523.52 422.826 595.997
2456772.496882727 21496.75 422.815 595.991
2456772.517314315 21494.47 422.797 595.996
2456772.537746002 21505.77 422.806 595.974
2456772.55817749 21505.57 422.796 595.979
2456772.578609078 21487.55 422.781 595.975
2456772.599040765 21494.52 422.776 595.967
2456772.619472253 21484.4 422.757 595.945
2456772.639903841 21408.02 422.664 595.985
2456772.660335529 21392.14 422.639 595.982
2456772.680767016 21386.27 422.598 595.949
2456772.701198704 21380.31 422.565 595.932
2456772.721630292 21383.9 422.549 595.917
2456772.742061779 21373.17 422.539 595.926
2456772.762493467 21387.86 422.522 595.892
2456772.782925054 21398.31 422.488 595.888
2456772.803356542 21389.07 422.471 595.873
2456772.82378823 21388.89 422.443 595.841
2456772.844219817 21393.46 422.416 595.826
2456772.864651305 21408.72 422.365 595.8
2456772.885082993 21425.66 422.332 595.766
2456772.905514581 21445.7 422.312 595.759
2456772.925946068 21442.8 422.303 595.742
2456772.946377756 21431.68 422.272 595.725
2456772.966809344 21417.47 422.231 595.707
2456772.987241032 21409.74 422.223 595.688
2456773.007672519 21364.87 422.19 595.666
2456773.028104107 21343.19 422.145 595.645
2456773.048535795 21289.0 422.103 595.611
2456773.068967283 21292.28 422.082 595.604
2456773.089398871 21281.3 422.064 595.594
2456773.109830559 21247.71 422.034 595.57
2456773.130262146 21046.46 422.728 596.041
2456773.150693634 21631.23 422.89 596.028
2456773.171125322 21577.97 422.845 596.009
2456773.19155691 21538.91 422.787 595.97
2456773.211988498 21474.19 422.761 595.951
2456773.232420086 21397.95 422.642 595.984
2456773.252851673 21382.26 422.615 595.957
2456773.273283261 21356.46 422.578 595.939
2456773.293714849 21358.04 422.549 595.921
2456773.314146437 21345.79 422.515 595.901
2456773.334578025 21332.77 422.461 595.864
2456773.355009613 21318.48 422.413 595.83
2456773.395872789 21126.81 422.558 595.937
2456773.416304377 21336.12 422.642 596.001
2456773.436735865 21304.78 422.625 595.955
2456773.457167553 21300.64 422.611 595.953
2456773.477599142 21282.26 422.558 595.932
2456773.49803083 21266.52 422.536 595.919
2456773.518462318 21279.47 422.499 595.911
2456773.538893905 21264.34 422.5 595.89
2456773.559325594 21257.41 422.484 595.868
2456773.579757082 21259.97 422.465 595.86
2456773.60018867 21229.82 422.426 595.816
2456773.620620358 20987.0 422.724 596.026
2456773.641051946 21303.13 423.02 596.228
2456773.661483434 21323.65 422.996 596.206
2456773.681915123 21290.59 422.971 596.215
2456773.702346711 21328.89 422.968 596.181
2456773.722778199 21337.86 422.936 596.164
2456773.743209887 21351.37 422.894 596.146
2456773.763641476 21333.17 422.895 596.149
2456773.784073064 21387.08 422.946 596.106
2456773.804504653 21434.53 422.931 596.043
2456773.824936241 21396.69 422.893 596.037
2456773.845367929 21382.05 422.859 596.014
2456773.865799418 21341.96 422.82 595.993
2456773.886231006 21320.72 422.795 595.977
2456773.906662694 21312.27 422.794 595.956
2456773.927094183 21197.5 422.676 596.011
2456773.947525771 21187.69 422.661 595.986
2456773.96795746 21158.72 422.629 595.979
2456773.988388948 21128.48 422.568 595.941
2456774.008820637 21119.88 422.556 595.904
2456774.029252125 21148.22 422.53 595.898
2456774.049683714 21137.49 422.491 595.879
2456774.070115402 21116.18 422.441 595.853
2456774.090546891 21113.32 422.405 595.819
2456774.110978479 20922.31 423.052 596.235
2456774.131410168 21157.1 423.1 596.271
2456774.151841657 21178.86 423.064 596.256
2456774.172273246 21166.32 423.043 596.24
2456774.192704934 21207.42 423.02 596.209
2456774.213136523 21249.02 422.966 596.178
2456774.233568012 21237.91 422.908 596.15
2456774.253999701 21308.89 422.959 596.112
2456774.27443129 21342.44 422.916 596.054
2456774.294862878 21322.6 422.898 596.034
2456774.315294467 21296.13 422.851 596.004
2456774.335726056 21220.03 422.79 595.975
2456774.356157745 21202.42 422.756 595.947
2456774.376589234 21120.09 422.66 595.982
2456774.397020823 21086.48 422.62 595.961
2456774.417452512 21066.46 422.567 595.94
2456774.437884001 21071.3 422.506 595.881
2456774.45831559 21057.33 422.456 595.858
2456774.478747279 21051.0 422.41 595.837
2456774.499178768 21050.36 422.384 595.807
2456774.519610457 21086.18 422.352 595.769
2456774.540042046 21096.14 422.286 595.727
2456774.560473535 21081.26 422.23 595.696
2456774.580905225 21026.6 422.193 595.67
2456774.601336814 20924.66 422.539 595.921
2456774.621768303 21053.42 422.541 595.915
2456774.642199992 21049.58 422.482 595.87
2456774.662631582 21042.13 422.424 595.841
2456774.683063171 21053.29 422.376 595.799
2456774.70349476 21082.94 422.323 595.765
2456774.72392635 21084.31 422.281 595.726
2456774.744357839 21039.63 422.214 595.691
2456774.764789529 20989.39 422.151 595.641
2456774.785221118 20968.0 422.115 595.616
2456774.805652708 20934.71 422.064 595.591
2456774.826084297 20891.06 422.007 595.556
2456774.846515887 20762.31 422.596 595.935
2456774.866947576 21068.3 422.631 595.973
2456774.887379066 21068.78 422.559 595.93
2456774.907810656 21055.3 422.504 595.893
2456774.928242345 21058.86 422.444 595.844
2456774.948673835 21081.1 422.354 595.785
2456774.969105425 21103.24 422.309 595.75
2456774.989537115 21105.0 422.257 595.709
2456775.009968604 21059.12 422.203 595.674
2456775.030400294 20988.63 422.122 595.629
2456775.050831884 20956.59 422.058 595.59
2456775.071263374 20931.2 422.007 595.55
2456775.091695064 20860.23 422.547 595.923
2456775.112126654 21094.33 422.557 595.916
2456775.132558144 21095.88 422.479 595.869
2456775.152989834 21099.27 422.402 595.825
2456775.173421424 21115.61 422.342 595.77
2456775.193853015 21138.78 422.274 595.719
2456775.214284604 21064.34 422.178 595.662
2456775.234716195 21031.1 422.116 595.619
2456775.255147885 20993.8 422.052 595.583
2456775.275579375 20987.26 421.991 595.543
2456775.296010965 20992.63 421.908 595.502
2456775.316442656 20997.66 421.855 595.46
2456775.357305737 21026.87 422.585 595.914
2456775.377737427 21127.69 422.593 595.934
2456775.398168918 21144.8 422.551 595.925
2456775.418600508 21138.67 422.531 595.912
2456775.439032199 21170.55 422.504 595.891
2456775.459463689 21177.5 422.482 595.871
2456775.47989528 21176.12 422.434 595.843
2456775.500326971 21186.68 422.388 595.818
2456775.520758461 21193.42 422.365 595.804
2456775.541190152 21203.43 422.33 595.773
2456775.561621743 21242.93 422.289 595.726
2456775.582053234 21149.32 422.787 596.063
2456775.602484925 21437.96 422.897 596.018
2456775.622916515 21407.77 422.864 596.004
2456775.643348007 21354.02 422.791 595.973
2456775.663779697 21316.15 422.754 595.948
2456775.684211289 21246.89 422.647 595.99
2456775.70464288 21230.95 422.645 595.989
2456775.725074471 21227.28 422.611 595.926
2456775.745506062 21214.65 422.564 595.927
2456775.765937753 21211.08 422.538 595.907
2456775.786369244 21235.96 422.495 595.892
2456775.806800836 21218.99 422.469 595.853
2456775.827232527 21231.54 422.427 595.824
2456775.847664118 21224.87 422.399 595.821
2456775.86809561 21246.64 422.36 595.784
2456775.888527301 21268.52 422.311 595.75
2456775.908958893 21262.8 422.272 595.733
2456775.929390384 21265.17 422.248 595.706
2456775.949822076 21222.0 422.201 595.673
2456775.970253667 21174.4 422.135 595.648
2456775.990685359 21190.62 422.094 595.617
2456776.011116851 21140.97 422.064 595.582
2456776.031548442 21103.43 422.035 595.556
2456776.051980034 21087.34 421.969 595.527
2456776.072411626 21017.75 422.45 595.852
2456776.092843218 21253.81 422.508 595.893
2456776.11327481 21244.77 422.463 595.859
2456776.133706402 21258.15 422.391 595.805
2456776.154137894 21289.86 422.321 595.764
2456776.174569586 21304.95 422.275 595.732
2456776.195001178 21298.71 422.245 595.698
2456776.21543277 21234.12 422.194 595.65
2456776.235864362 21225.95 422.146 595.634
2456776.256295955 21182.26 422.098 595.613
2456776.276727647 21158.5 422.059 595.589
2456776.297159139 21131.33 421.997 595.544
2456776.317590732 20701.95 422.79 596.067
2456776.338022424 21429.73 422.903 596.135
2456776.358454017 21534.39 422.916 596.047
2456776.378885509 21505.36 422.843 596.008
2456776.399317202 21474.61 422.811 595.981
2456776.419748794 21437.78 422.771 595.953
2456776.440180287 21333.6 422.655 595.979
2456776.46061198 21304.29 422.585 595.94
2456776.481043573 21305.22 422.551 595.906
2456776.501475265 21315.8 422.503 595.883
2456776.521906758 21335.55 422.45 595.86
2456776.542338351 21328.04 422.388 595.794
2456776.562770044 21351.13 422.344 595.766
2456776.583201537 21362.25 422.289 595.733
2456776.60363313 21355.52 422.238 595.694
2456776.624064824 21286.66 422.162 595.648
2456776.644496317 21255.44 422.114 595.62
2456776.66492791 21225.92 422.071 595.585
2456776.685359603 21197.92 422.011 595.55
2456776.705791097 21190.02 421.953 595.519
2456776.72622279 21195.43 421.904 595.491
2456776.746654383 21191.34 421.857 595.464
2456776.767085877 21228.99 421.785 595.398
2456776.78751757 21233.88 421.733 595.363
2456776.807949064 21173.3 422.342 595.793
2456776.828380657 21366.37 422.386 595.801
2456776.848812351 21414.13 422.309 595.744
2456776.869243845 21384.29 422.253 595.703
2456776.889675439 21327.15 422.198 595.663
2456776.910107133 21261.1 422.125 595.623
2456776.930538727 21217.58 422.067 595.588
2456776.950970221 21201.15 422.031 595.557
2456776.971401914 21196.67 421.976 595.532
2456776.991833509 21174.36 421.897 595.492
2456777.012265103 21187.04 421.849 595.451
2456777.032696697 21194.15 421.787 595.419
2456777.053128291 20576.52 422.621 595.95
2456777.073559985 21485.07 422.813 595.979
2456777.09399148 21423.69 422.751 595.945
2456777.114423074 21322.76 422.635 595.961
2456777.134854769 21299.8 422.558 595.912
2456777.155286264 21298.42 422.497 595.878
2456777.175717858 21295.76 422.447 595.844
2456777.196149553 21311.49 422.373 595.792
2456777.216581048 21340.07 422.302 595.736
2456777.237012742 21320.68 422.249 595.708
2456777.257444337 21263.1 422.203 595.664
2456777.277875832 21189.47 422.118 595.621
2456777.318739122 21460.12 422.849 596.007
2456777.339170717 21418.98 422.818 595.993
2456777.359602312 21393.53 422.785 595.977
2456777.380033907 21368.53 422.771 595.948
2456777.400465502 21335.56 422.745 595.929
2456777.420897098 21249.27 422.636 595.947
2456777.441328693 21234.56 422.593 595.932
2456777.461760289 21213.87 422.561 595.906
2456777.482191884 21227.7 422.513 595.891
2456777.50262348 21222.11 422.457 595.86
2456777.523055075 21198.49 422.423 595.839
2456777.543486671 21093.21 422.759 596.034
2456777.563918266 21451.94 422.937 596.055
2456777.584349962 21428.59 422.902 596.027
2456777.604781458 21395.15 422.861 596.012
2456777.625213054 21322.47 422.791 595.975
2456777.64564475 21300.06 422.767 595.939
2456777.666076246 21196.93 422.665 595.967
2456777.686507942 21184.71 422.601 595.942
2456777.706939538 21167.94 422.546 595.911
2456777.727371035 21180.6 422.498 595.88
2456777.747802731 21172.97 422.472 595.859
2456777.768234327 21163.33 422.401 595.799
2456777.788665824 21162.98 422.787 596.064
2456777.80909752 21385.99 422.868 596.013
2456777.829529117 21311.01 422.806 595.992
2456777.849960614 21260.99 422.769 595.948
2456777.87039231 21184.9 422.667 595.966
2456777.890823907 21153.38 422.62 595.937
2456777.911255504 21155.84 422.539 595.908
2456777.931687101 21147.39 422.491 595.867
2456777.952118698 21150.8 422.458 595.848
2456777.972550394 21151.46 422.382 595.793
2456777.992981992 21171.81 422.33 595.763
2456778.013413489 21195.24 422.282 595.73
2456778.033845186 21013.45 422.645 595.947
2456778.054276783 21166.26 422.66 595.976
2456778.074708281 21145.0 422.616 595.941
2456778.095139978 21126.62 422.572 595.927
2456778.115571576 21135.52 422.496 595.883
2456778.136003073 21111.32 422.464 595.844
2456778.156434771 21111.25 422.419 595.819
2456778.176866268 21135.66 422.347 595.759
2456778.197297966 21167.99 422.296 595.738
2456778.217729564 21133.59 422.247 595.698
2456778.238161062 21080.54 422.18 595.644
2456778.25859276 21035.96 422.138 595.623
2456778.279024358 20901.6 422.629 595.96
2456778.299455856 21127.11 422.644 595.958
2456778.319887554 21079.0 422.582 595.928
2456778.340319152 21065.64 422.524 595.895
2456778.360750651 21069.33 422.46 595.854
2456778.381182349 21069.34 422.401 595.801
2456778.401613947 21091.16 422.358 595.766
2456778.422045646 21104.0 422.294 595.726
2456778.442477145 21058.01 422.212 595.675
2456778.462908743 21027.88 422.182 595.656
2456778.483340442 20974.38 422.117 595.612
2456778.503771941 20930.28 422.05 595.567
2456778.52420354 20728.89 422.719 596.007
2456778.544635239 21247.12 422.851 596.001
2456778.565066838 21170.95 422.772 595.946
2456778.585498337 21065.91 422.642 595.969
2456778.605930036 21050.37 422.601 595.933
2456778.626361636 21036.69 422.51 595.875
2456778.646793235 21035.43 422.446 595.846
2456778.667224834 21032.32 422.404 595.809
2456778.687656434 21097.56 422.318 595.739
2456778.708088133 21081.28 422.263 595.705
2456778.728519633 21022.92 422.218 595.672
2456778.748951233 20963.93 422.135 595.62
2456778.769382932 20758.65 422.792 596.063
2456778.789814432 21274.98 422.921 596.032
2456778.810246032 21240.01 422.833 595.988
2456778.830677632 21178.3 422.786 595.955
2456778.851109232 21079.06 422.666 595.976
2456778.871540932 21059.22 422.573 595.92
2456778.891972432 21074.53 422.525 595.889
2456778.912404033 21055.12 422.46 595.848
2456778.932835733 21064.54 422.383 595.79
2456778.953267234 21090.36 422.328 595.745
2456778.973698834 21096.07 422.27 595.707
2456778.994130535 21047.84 422.193 595.652
2456779.014562035 20526.7 422.9 596.124
2456779.034993636 21149.76 423.02 596.217
2456779.055425337 21227.12 422.948 596.164
2456779.075856938 21301.29 422.965 596.094
2456779.096288539 21337.37 422.908 596.032
2456779.11672014 21263.19 422.825 595.976
2456779.137151741 21207.44 422.769 595.944
2456779.157583343 21116.65 422.638 595.949
2456779.178014944 21098.16 422.539 595.901
2456779.198446545 21103.03 422.491 595.86
2456779.218878247 21118.04 422.414 595.817
2456779.239309749 21158.64 422.339 595.75
2456779.280173052 21282.38 422.958 596.147
2456779.300604554 21270.43 422.92 596.147
2456779.321036255 21291.63 422.899 596.125
2456779.341467858 21388.57 422.93 596.048
2456779.36189936 21397.19 422.901 596.022
2456779.382331062 21385.22 422.872 595.992
2456779.402762664 21345.71 422.822 595.977
2456779.423194166 21308.38 422.78 595.956
2456779.443625869 21215.34 422.682 595.996
2456779.464057471 21206.18 422.642 595.953
2456779.484488974 21190.92 422.618 595.936
2456779.504920675 21188.4 422.596 595.916
2456779.525352178 21189.35 422.558 595.878
2456779.545783881 21203.11 422.501 595.875
2456779.566215484 21233.07 422.476 595.846
2456779.586647087 21251.05 422.413 595.822
2456779.60707869 21201.52 422.385 595.797
2456779.627510293 21231.29 422.36 595.746
2456779.647941897 21268.13 422.298 595.725
2456779.6683735 21259.51 422.266 595.699
2456779.688805103 21207.93 422.214 595.676
2456779.709236707 21159.86 422.172 595.641
2456779.72966831 21165.77 422.177 595.622
2456779.750099914 21061.45 422.637 595.948
2456779.770531618 21247.36 422.652 595.962
2456779.790963222 21232.44 422.624 595.938
2456779.811394725 21220.2 422.572 595.915
2456779.831826429 21208.19 422.547 595.883
2456779.852258034 21232.9 422.501 595.866
2456779.872689538 21231.75 422.451 595.829
2456779.893121242 21219.57 422.395 595.803
2456779.913552846 21227.27 422.369 595.786
2456779.933984351 21273.34 422.316 595.731
2456779.954416056 21273.9 422.312 595.702
2456779.97484766 21250.24 422.259 595.682
2456779.995279365 21157.82 422.824 596.078
2456780.01571087 21467.48 422.938 596.045
2456780.036142475 21477.66 422.923 596.034
2456780.05657418 21466.59 422.87 595.994
2456780.077005685 21406.16 422.83 595.986
2456780.09743729 21399.86 422.801 595.955
2456780.117868895 21332.59 422.751 595.904
2456780.1383005 21260.73 422.645 595.946
2456780.158732106 21249.22 422.597 595.922
2456780.179163811 21252.58 422.528 595.877
2456780.199595317 21255.13 422.488 595.856
2456780.220027023 21264.12 422.449 595.818
2456780.240458629 21198.03 422.529 595.878
2456780.260890135 21251.85 422.524 595.878
2456780.28132184 21252.48 422.453 595.836
2456780.301753446 21253.87 422.403 595.796
2456780.322184953 21283.9 422.358 595.76
2456780.342616659 21325.08 422.291 595.71
2456780.363048265 21294.41 422.248 595.682
2456780.383479772 21244.21 422.208 595.651
2456780.403911478 21183.69 422.137 595.607
2456780.424343085 21152.42 422.095 595.591
2456780.444774792 21139.6 422.055 595.568
2456780.465206299 21108.7 422.004 595.522
2456780.485637906 21100.41 422.499 595.846
2456780.506069613 21277.66 422.512 595.861
2456780.52650112 21284.42 422.435 595.813
2456780.546932727 21277.14 422.377 595.776
2456780.567364434 21313.07 422.296 595.718
2456780.587795942 21287.37 422.237 595.672
2456780.608227549 21240.92 422.199 595.653
2456780.628659257 21194.19 422.145 595.61
2456780.649090765 21160.56 422.087 595.588
2456780.669522472 21131.22 422.05 595.551
2456780.68995408 21119.7 421.99 595.511
2456780.710385688 21122.66 421.936 595.494
2456780.730817297 20947.49 422.604 595.922
2456780.751248905 21283.7 422.634 595.938
2456780.771680513 21281.5 422.575 595.911
2456780.792112121 21264.81 422.508 595.866
2456780.81254373 21278.86 422.455 595.818
2456780.832975338 21273.76 422.402 595.789
2456780.853406947 21313.15 422.325 595.746
2456780.873838556 21315.9 422.287 595.696
2456780.894270164 21273.13 422.223 595.666
2456780.914701774 21207.9 422.154 595.62
2456780.935133383 21141.51 422.11 595.584
2456780.955565092 21152.0 422.04 595.554
2456780.975996601 20857.2 422.809 596.056
2456780.99642821 21487.17 422.962 596.079
2456781.01685992 21481.51 422.877 596.004
2456781.037291429 21430.3 422.835 595.964
2456781.057723039 21387.96 422.787 595.936
2456781.078154749 21275.43 422.645 595.949
2456781.098586259 21258.62 422.605 595.919
2456781.119017969 21239.69 422.545 595.893
2456781.139449579 21256.58 422.492 595.847
2456781.159881089 21258.98 422.444 595.821
2456781.180312799 21265.47 422.375 595.767
2456781.20074441 21300.11 422.323 595.724
2456781.241607631 21249.61 422.649 595.908
2456781.262039242 21244.53 422.654 595.94
2456781.282470853 21221.06 422.617 595.927
2456781.302902463 21212.54 422.584 595.913
2456781.323334075 21210.9 422.571 595.902
2456781.343765785 21210.8 422.534 595.876
2456781.364197297 21244.29 422.503 595.854
2456781.384628908 21226.31 422.477 595.841
2456781.40506062 21209.74 422.425 595.811
2456781.425492231 21204.96 422.387 595.791
2456781.445923743 21216.41 422.369 595.759
2456781.466355455 21152.63 422.743 596.003
2456781.486786966 21386.9 422.857 595.971
2456781.507218678 21347.77 422.822 595.93
2456781.52765029 21228.37 422.692 595.974
2456781.548081902 21215.4 422.666 595.959
2456781.568513515 21187.86 422.611 595.928
2456781.588945127 21187.63 422.574 595.911
2456781.60937664 21176.24 422.557 595.887
2456781.629808352 21173.32 422.526 595.864
2456781.650239965 21187.76 422.495 595.848
2456781.670671478 21181.65 422.445 595.816
2456781.691103191 21188.22 422.401 595.795
2456781.711534804 21063.08 422.588 595.896
2456781.731966517 21165.14 422.56 595.879
2456781.75239803 21180.78 422.504 595.851
2456781.772829643 21171.03 422.47 595.83
2456781.793261357 21170.67 422.409 595.791
2456781.813692871 21170.12 422.38 595.771
2456781.834124484 21176.23 422.356 595.741
2456781.854556198 21216.17 422.293 595.707
2456781.874987712 21217.03 422.263 595.688
2456781.895419326 21137.63 422.206 595.657
2456781.91585104 21092.45 422.168 595.624
2456781.936282654 21062.34 422.148 595.597
2456781.956714269 20996.15 422.563 595.872
2456781.977145883 21140.75 422.574 595.896
2456781.997577498 21136.28 422.521 595.866
2456782.018009113 21136.48 422.452 595.824
2456782.038440727 21136.45 422.421 595.8
2456782.058872342 21154.32 422.356 595.751
2456782.079304057 21181.7 422.29 595.712
2456782.099735572 21137.75 422.24 595.677
2456782.120167187 21043.49 422.177 595.607
2456782.140598903 20996.61 422.125 595.591
2456782.161030419 21039.13 422.068 595.55
2456782.181462134 20953.72 421.997 595.524
2456782.20189375 20948.99 422.464 595.84
2456782.222325265 21100.22 422.492 595.833
2456782.242756981 21100.06 422.427 595.798
2456782.263188498 21122.67 422.373 595.754
2456782.283620114 21160.31 422.302 595.716
2456782.30405183 21123.22 422.252 595.678
2456782.324483347 21065.65 422.194 595.634
2456782.344915063 20990.92 422.12 595.591
2456782.365346679 20982.04 422.074 595.57
2456782.385778196 20929.3 422.025 595.523
2456782.406209913 20935.22 421.964 595.493
2456782.42664153 20937.3 421.915 595.468
2456782.447073147 21041.15 422.322 595.735
2456782.467504764 21109.14 422.367 595.752
2456782.487936382 21131.89 422.307 595.704
2456782.508367999 21090.33 422.23 595.656
2456782.528799617 21025.8 422.178 595.627
2456782.549231234 20977.66 422.124 595.601
2456782.569662952 20956.7 422.059 595.549
2456782.59009457 21167.13 422.01 595.526
2456782.610526088 20942.41 421.946 595.484
2456782.630957806 20938.16 421.906 595.462
2456782.651389425 20943.99 421.84 595.415
2456782.671820943 20971.39 421.777 595.37
2456782.692252662 19999.69 422.878 596.093
2456782.71268428 21194.17 423.04 596.194
2456782.733115799 21243.95 422.973 596.163
2456782.753547518 21250.24 422.922 596.129
2456782.773979137 21327.79 422.924 596.018
2456782.794410856 21317.88 422.88 595.983
2456782.814842375 21271.3 422.819 595.952
2456782.835273995 21131.12 422.68 595.964
2456782.855705714 21122.92 422.628 595.929
2456782.876137233 21120.59 422.556 595.883
2456782.896568753 21132.55 422.498 595.843
2456782.917000473 21121.31 422.422 595.797
2456782.937432093 20867.09 422.881 596.099
2456782.957863713 21218.06 423.078 596.222
2456782.978295333 21250.98 423.001 596.177
2456782.998726954 21281.99 422.93 596.138
2456783.019158674 21308.98 422.878 596.088
2456783.039590195 21343.23 422.862 595.979
2456783.060021815 21292.79 422.804 595.944
2456783.080453536 21153.82 422.65 595.938
2456783.100885157 21144.19 422.569 595.887
2456783.121316678 21161.12 422.5 595.848
2456783.141748399 21156.14 422.404 595.782
2456783.162180021 21205.24 422.335 595.732
2456783.203043264 21155.97 422.57 595.891
2456783.223474885 21156.91 422.573 595.898
2456783.243906607 21157.28 422.523 595.877
2456783.264338129 21179.7 422.474 595.857
2456783.284769751 21182.77 422.478 595.831
2456783.305201474 21192.61 422.434 595.792
2456783.325632996 21193.99 422.426 595.761
2456783.346064618 21201.86 422.381 595.743
2456783.366496341 21221.69 422.32 595.717
2456783.386927864 21275.09 422.286 595.703
2456783.407359586 21193.21 422.23 595.667
2456783.427791209 21071.07 422.529 595.857
2456783.448222732 21187.12 422.548 595.875
2456783.468654456 21186.18 422.489 595.839
2456783.489086079 21189.55 422.457 595.819
2456783.509517603 21203.6 422.394 595.779
2456783.529949326 21206.97 422.351 595.763
2456783.55038085 21240.7 422.341 595.734
2456783.570812574 21435.63 422.272 595.675
2456783.591244197 21189.53 422.252 595.649
2456783.611675722 21142.35 422.187 595.623
2456783.632107446 21099.12 422.136 595.591
2456783.65253907 21080.54 422.091 595.573
2456783.672970695 20791.91 422.792 596.035
2456783.693402319 21351.08 422.877 596.105
2456783.713833944 21431.44 422.93 596.013
2456783.734265569 21411.1 422.88 595.976
2456783.754697194 21382.89 422.835 595.959
2456783.775128819 21326.77 422.78 595.919
2456783.795560544 21230.29 422.653 595.943
2456783.81599217 21202.09 422.615 595.919
2456783.836423696 21187.02 422.556 595.87
2456783.856855421 21195.58 422.514 595.839
2456783.877287047 21211.15 422.45 595.818
2456783.897718573 21227.43 422.392 595.771
2456783.918150299 21202.66 422.924 596.127
2456783.938581925 21386.15 422.931 596.131
2456783.959013452 21394.5 422.906 596.101
2456783.979445178 21439.06 422.914 596.009
2456783.999876805 21420.94 422.854 595.98
2456784.020308531 21363.13 422.793 595.937
2456784.040740058 21255.28 422.675 595.957
2456784.061171685 21241.28 422.646 595.911
2456784.081603413 21238.79 422.598 595.894
2456784.10203494 21235.72 422.525 595.863
2456784.122466567 21252.93 422.471 595.835
2456784.142898295 21253.72 422.422 595.789
2456784.163329822 21230.45 422.891 596.099
2456784.18376145 21409.09 422.918 596.115
2456784.204193078 21489.72 422.913 596.019
2456784.224624706 21469.37 422.871 595.978
2456784.245056435 21411.83 422.833 595.942
2456784.265487963 21352.01 422.76 595.909
2456784.285919591 21277.47 422.641 595.927
2456784.30635132 21261.69 422.568 595.891
2456784.326782949 21274.23 422.504 595.856
2456784.347214478 21269.14 422.468 595.815
2456784.367646207 21284.75 422.389 595.755
2456784.388077836 21307.55 422.342 595.73
2456784.408509465 21258.91 422.837 596.066
2456784.428941095 21504.14 422.925 596.013
2456784.449372725 21489.62 422.881 595.981
2456784.469804454 21410.8 422.807 595.94
2456784.490235984 21319.57 422.676 595.96
2456784.510667614 21272.64 422.628 595.912
2456784.531099344 21275.9 422.554 595.877
2456784.551530875 21276.77 422.495 595.841
2456784.571962505 21264.83 422.424 595.808
2456784.592394236 21286.57 422.371 595.744
2456784.612825767 21332.15 422.328 595.715
2456784.633257497 21307.05 422.25 595.665
2456784.653689128 21117.97 422.685 595.956
2456784.674120659 21375.0 422.765 595.911
2456784.694552391 21284.79 422.628 595.923
2456784.714984022 21255.49 422.56 595.887
2456784.735415654 21278.74 422.491 595.831
2456784.755847286 21267.01 422.423 595.794
2456784.776278917 21303.1 422.356 595.738
2456784.796710549 21288.05 422.285 595.696
2456784.817142182 21263.01 422.233 595.657
2456784.837573814 21183.69 422.152 595.599
2456784.858005446 21142.9 422.088 595.559
2456784.878437079 21109.35 422.007 595.519
2456784.898868712 20831.14 422.754 595.998
2456784.919300344 21477.76 422.877 595.984
2456784.939731977 21400.72 422.801 595.938
2456784.960163611 21269.52 422.663 595.939
2456784.980595344 21256.45 422.596 595.904
2456785.001026877 21239.8 422.511 595.853
2456785.021458611 21260.92 422.466 595.817
2456785.041890244 21261.16 422.376 595.752
2456785.062321778 21301.48 422.306 595.708
2456785.082753513 21254.01 422.242 595.658
2456785.103185147 21161.9 422.165 595.618
2456785.123616681 21125.18 422.108 595.576
2456785.16448005 20669.35 422.694 595.978
2456785.184911585 21434.91 422.878 595.994
2456785.20534332 21400.83 422.852 595.953
2456785.225774955 21276.95 422.748 595.992
2456785.24620669 21247.42 422.7 595.946
2456785.266638225 21236.05 422.652 595.919
2456785.287069861 21213.1 422.578 595.899
2456785.307501596 21218.51 422.528 595.857
2456785.327933132 21223.46 422.483 595.843
2456785.348364768 21227.69 422.432 595.797
2456785.368796504 21220.64 422.385 595.753
2456785.38922804 21207.44 422.869 596.085
2456785.409659677 21447.75 422.936 596.027
2456785.430091413 21411.13 422.884 596.007
2456785.45052305 21349.43 422.83 595.952
2456785.470954687 21320.39 422.798 595.935
2456785.491386324 21220.02 422.696 595.935
2456785.511817961 21193.98 422.606 595.899
2456785.532249598 21180.61 422.561 595.872
2456785.552681236 21190.66 422.471 595.819
2456785.573112773 21188.06 422.425 595.79
2456785.593544511 21206.2 422.367 595.761
2456785.613976149 21213.45 422.293 595.697
2456785.634407787 20927.39 422.68 595.951
2456785.654839425 21292.04 422.788 595.905
2456785.675271064 21182.28 422.65 595.935
2456785.695702802 21161.77 422.607 595.904
2456785.716134341 21147.86 422.524 595.866
2456785.736565979 21175.28 422.492 595.827
2456785.756997718 21167.15 422.441 595.792
2456785.777429258 21186.32 422.366 595.747
2456785.797860897 21208.35 422.307 595.711
2456785.818292636 21153.08 422.246 595.663
2456785.838724175 21126.11 422.208 595.641
2456785.859155915 21057.93 422.167 595.606
2456785.879587555 20944.85 422.816 596.034
2456785.900019095 21372.78 422.922 596.017
2456785.920450835 21312.56 422.843 595.959
2456785.940882476 21224.12 422.777 595.935
2456785.961314116 21132.14 422.649 595.913
2456785.981745757 21123.61 422.592 595.883
2456786.002177398 21110.51 422.55 595.863
2456786.022609039 21119.89 422.453 595.806
2456786.04304068 21101.47 422.401 595.785
2456786.063472321 21117.08 422.365 595.746
2456786.083904062 21161.27 422.315 595.703
2456786.104335704 21124.06 422.257 595.672
2456786.124767246 20962.06 422.901 596.109
2456786.145198988 21240.95 422.932 596.125
2456786.16563063 21256.73 422.883 596.071
2456786.186062172 21273.45 422.859 595.967
2456786.206493914 21212.32 422.803 595.925
2456786.226925457 21093.32 422.646 595.933
2456786.247357199 21073.17 422.565 595.888
2456786.267788842 21087.91 422.5 595.84
2456786.288220386 21096.22 422.427 595.781
2456786.308652129 21109.5 422.374 595.745
2456786.329083772 21129.94 422.303 595.703
2456786.349515315 21110.53 422.258 595.674
2456786.369947059 20955.58 422.628 595.912
2456786.390378703 21080.28 422.609 595.907
2456786.410810247 21091.33 422.558 595.871
2456786.431241991 21093.46 422.463 595.817
2456786.451673635 21111.21 422.376 595.759
2456786.47210538 21136.21 422.316 595.697
2456786.492536924 21080.96 422.211 595.651
2456786.512968569 21026.61 422.157 595.594
2456786.533400314 20965.61 422.074 595.554
2456786.553831859 20932.28 422.001 595.496
2456786.574263504 20950.19 421.931 595.467
2456786.59469525 20971.76 421.852 595.414
2456786.615126895 20904.07 422.441 595.801
2456786.635558541 21109.32 422.45 595.802
2456786.655990187 21133.4 422.373 595.752
2456786.676421833 21169.59 422.298 595.694
2456786.696853479 21109.2 422.219 595.638
2456786.717285126 21046.14 422.152 595.606
2456786.737716772 20997.26 422.073 595.553
2456786.758148519 20982.57 422.027 595.51
2456786.778580065 20980.22 421.965 595.495
2456786.799011712 20975.67 421.909 595.442
2456786.81944336 21006.79 421.855 595.417
2456786.839875007 21003.96 421.788 595.367
2456786.860306755 20551.9 422.333 595.724
2456786.880738303 21146.17 422.487 595.835
2456786.90116995 21142.14 422.431 595.787
2456786.921601698 21208.54 422.354 595.726
2456786.942033247 21202.42 422.268 595.682
2456786.962464895 21102.39 422.206 595.633
2456786.982896643 21065.3 422.134 595.586
2456787.003328192 21009.39 422.046 595.531
2456787.023759841 20999.66 421.978 595.493
2456787.04419159 21012.74 421.898 595.443
2456787.064623139 21036.2 421.838 595.403
2456787.085054888 21073.01 421.769 595.342
2456787.125918188 21392.69 422.924 596.007
2456787.146349838 21389.25 422.879 595.993
2456787.166781487 21369.16 422.856 595.984
2456787.187213138 21334.37 422.83 595.95
2456787.207644788 21309.45 422.782 595.92
2456787.228076438 21284.38 422.772 595.897
2456787.248508189 21198.05 422.649 595.909
2456787.26893974 21186.4 422.611 595.871
2456787.289371391 21186.02 422.542 595.862
2456787.309803143 21200.66 422.491 595.835
2456787.330234794 21199.19 422.461 595.808
2456787.350666346 21154.89 422.695 595.964
2456787.371098097 21314.87 422.793 595.925
2456787.391529749 21224.31 422.681 595.955
2456787.411961301 21206.66 422.631 595.913
2456787.432393053 21186.97 422.577 595.886
2456787.452824706 21196.51 422.505 595.854
2456787.473256358 21225.31 422.49 595.823
2456787.493688011 21201.67 422.441 595.789
2456787.514119664 21227.81 422.392 595.758
2456787.534551417 21241.26 422.369 595.723
2456787.55498297 21253.53 422.294 595.681
2456787.575414624 21230.31 422.253 595.663
2456787.595846277 21138.79 422.507 595.839
2456787.616277931 21233.39 422.49 595.834
2456787.636709685 21227.08 422.446 595.814
2456787.657141239 21245.97 422.402 595.746
2456787.677572893 21273.82 422.351 595.728
2456787.698004648 21270.24 422.292 595.687
2456787.718436203 21234.91 422.236 595.656
2456787.738867857 21198.09 422.192 595.631
2456787.759299613 21146.44 422.146 595.579
2456787.779731167 21115.68 422.099 595.556
2456787.800162823 21086.58 422.028 595.518
2456787.820594579 21081.71 421.976 595.487
2456787.841026234 21021.22 422.476 595.816
2456787.86145789 21257.2 422.501 595.842
2456787.881889546 21258.32 422.459 595.807
2456787.902321202 21263.74 422.401 595.76
2456787.922752859 21304.24 422.341 595.717
2456787.943184515 21311.23 422.287 595.693
2456787.963616172 21263.05 422.222 595.647
2456787.984047929 21226.25 422.181 595.629
2456788.004479486 21146.28 422.122 595.566
2456788.024911143 21139.83 422.078 595.532
2456788.045342901 21106.91 422.007 595.499
2456788.065774458 21129.02 421.943 595.473
2456788.086206216 20756.49 422.644 595.925
2456788.106637874 21405.44 422.79 595.919
2456788.127069432 21294.29 422.662 595.935
2456788.147501191 21253.8 422.594 595.904
2456788.167932849 21286.95 422.526 595.855
2456788.188364408 21283.74 422.483 595.818
2456788.208796167 21296.36 422.41 595.752
2456788.229227726 21316.03 422.348 595.723
2456788.249659485 21347.39 422.285 595.68
2456788.270091145 21272.15 422.217 595.641
2456788.290522704 21212.38 422.167 595.608
2456788.310954464 21155.59 422.104 595.559
2456788.331386124 21232.01 422.392 595.753
2456788.351817784 21294.45 422.372 595.746
2456788.372249444 21331.46 422.31 595.699
2456788.392681105 21286.04 422.251 595.662
2456788.413112766 21212.62 422.185 595.609
2456788.433544427 21165.12 422.132 595.583
2456788.453976088 21130.14 422.083 595.555
2456788.474407849 21104.58 422.017 595.511
2456788.49483951 21093.9 421.974 595.48
2456788.515271072 21112.52 421.901 595.443
2456788.535702834 21120.34 421.85 595.413
2456788.556134495 21120.99 421.788 595.358
2456788.576566058 20859.91 422.382 595.761
2456788.59699782 21235.82 422.508 595.828
2456788.617429483 21235.24 422.423 595.781
2456788.637861245 21259.81 422.363 595.737
2456788.658292808 21285.25 422.274 595.683
2456788.678724471 21190.07 422.214 595.64
2456788.699156235 21117.6 422.138 595.598
2456788.719587798 21087.96 422.084 595.558
2456788.740019462 21061.57 422.007 595.514
2456788.760451226 21057.29 421.938 595.468
2456788.780882789 21063.49 421.895 595.446
2456788.801314454 21073.06 421.805 595.384
2456788.821746218 20932.7 422.395 595.771
2456788.842177783 21201.62 422.477 595.817
2456788.862609547 21238.89 422.374 595.741
2456788.883041112 21261.03 422.32 595.703
2456788.903472777 21189.14 422.222 595.635
2456788.923904542 21121.59 422.155 595.597
2456788.944336108 21073.35 422.075 595.55
2456788.964767774 21037.98 422.009 595.498
2456788.985199539 21053.44 421.943 595.466
2456789.005631206 21059.65 421.867 595.419
2456789.026062872 21073.25 421.802 595.376
2456789.046494538 21109.14 421.723 595.291
2456789.087357872 21182.77 422.613 595.886
2456789.107789539 21184.19 422.603 595.858
2456789.128221206 21171.41 422.541 595.862
2456789.148652973 21186.99 422.474 595.816
2456789.169084541 21177.32 422.443 595.803
2456789.189516209 21186.52 422.394 595.756
2456789.209947976 21198.8 422.363 595.735
2456789.230379545 21219.45 422.326 595.708
2456789.250811313 21203.58 422.271 595.661
2456789.271242981 21167.84 422.229 595.646
2456789.29167455 21095.27 422.157 595.613
2456789.312106319 20946.27 422.387 595.753
2456789.332537988 21185.06 422.427 595.781
2456789.352969558 21204.49 422.379 595.74
2456789.373401327 21216.94 422.343 595.707
2456789.393832996 21190.96 422.301 595.658
2456789.414264766 21161.57 422.242 595.641
2456789.434696336 21118.65 422.182 595.622
2456789.455128007 21073.2 422.142 595.583
2456789.475559777 21026.19 422.092 595.565
2456789.495991347 21003.24 422.054 595.526
2456789.516423018 20985.24 422.02 595.496
2456789.536854689 20988.21 421.949 595.466
2456789.55728636 20784.79 422.48 595.808
2456789.577718032 21132.9 422.596 595.884
2456789.598149703 21119.29 422.544 595.856
2456789.618581375 21126.31 422.487 595.833
2456789.639013147 21123.52 422.444 595.786
2456789.65944472 21134.17 422.405 595.742
2456789.679876392 21181.29 422.313 595.7
2456789.700308164 21154.86 422.274 595.673
2456789.720739837 21070.28 422.212 595.627
2456789.74117141 21021.84 422.156 595.597
2456789.761603183 20984.16 422.129 595.562
2456789.782034856 20945.18 422.037 595.53
2456789.80246643 20799.19 422.476 595.814
2456789.822898204 21084.24 422.534 595.852
2456789.843329878 21090.23 422.48 595.812
2456789.863761652 21084.58 422.418 595.788
2456789.884193226 21131.05 422.351 595.72
2456789.904624901 21133.35 422.318 595.686
2456789.925056675 21082.19 422.25 595.638
2456789.94548825 21022.76 422.185 595.611
2456789.965919925 20979.11 422.123 595.569
2456789.9863517 20941.66 422.072 595.543
2456790.006783276 20929.71 422.029 595.51
2456790.027215052 20907.13 421.96 595.472
2456790.047646728 20544.74 422.528 595.842
2456790.068078304 21076.84 422.639 595.917
2456790.08851008 21057.61 422.595 595.888
2456790.108941757 21056.01 422.555 595.857
2456790.129373333 21070.78 422.487 595.811
2456790.14980511 21080.89 422.442 595.779
2456790.170236787 21103.38 422.36 595.722
2456790.190668465 21131.12 422.323 595.7
2456790.211100142 21072.58 422.238 595.658
2456790.23153182 21014.58 422.204 595.609
2456790.251963498 20960.81 422.134 595.577
2456790.272395176 20930.68 422.068 595.532
2456790.292826854 20966.93 422.35 595.729
2456790.313258532 21129.69 422.348 595.717
2456790.333690211 21127.71 422.298 595.685
2456790.35412189 21086.16 422.243 595.644
2456790.374553669 21008.96 422.168 595.593
2456790.394985248 20949.88 422.111 595.572
2456790.415417028 20941.63 422.052 595.514
2456790.435848708 20916.56 422.0 595.494
2456790.456280288 20946.0 421.924 595.453
2456790.476712068 20961.06 421.87 595.419
2456790.497143748 20965.2 421.824 595.378
2456790.517575329 21015.95 421.768 595.316
2456790.538007109 20827.5 422.31 595.7
2456790.55843879 21109.2 422.432 595.775
2456790.578870571 21128.53 422.374 595.735
2456790.599302153 21158.6 422.288 595.675
2456790.619733834 21135.72 422.251 595.655
2456790.640165616 21060.91 422.174 595.603
2456790.660597198 21004.43 422.113 595.557
2456790.68102888 20960.16 422.059 595.535
2456790.701460662 20971.48 422.0 595.485
2456790.721892245 20975.78 421.952 595.463
2456790.742323928 20985.89 421.881 595.426
2456790.762755711 21006.46 421.847 595.388
2456790.783187394 20717.46 422.491 595.811
2456790.803619077 21150.06 422.632 595.898
2456790.824050761 21131.1 422.569 595.86
2456790.844482445 21148.75 422.489 595.824
2456790.864914129 21152.63 422.437 595.777
2456790.885345813 21194.38 422.359 595.723
2456790.905777398 21226.78 422.313 595.695
2456790.926209182 21155.1 422.241 595.635
2456790.946640867 21096.65 422.184 595.609
2456790.967072552 21039.72 422.104 595.56
2456790.987504237 21018.84 422.066 595.523
2456791.007935923 21001.07 422.003 595.492
2456791.048799295 21159.83 422.578 595.867
2456791.069230981 21182.24 422.48 595.81
2456791.089662767 21181.84 422.414 595.777
2456791.110094353 21224.29 422.361 595.723
2456791.13052604 21215.9 422.299 595.702
2456791.150957827 21188.17 422.264 595.653
2456791.171389414 21164.79 422.223 595.624
2456791.191821202 21109.78 422.193 595.593
2456791.212252889 21061.17 422.121 595.557
2456791.232684477 21030.59 422.108 595.533
2456791.253116265 21029.7 422.03 595.518
2456791.273547953 20741.03 422.359 595.721
2456791.293979541 21203.76 422.512 595.83
2456791.31441133 21201.12 422.464 595.81
2456791.334843019 21198.55 422.433 595.785
2456791.355274808 21217.99 422.387 595.739
2456791.375706397 21252.33 422.349 595.709
2456791.396138087 21248.15 422.296 595.672
2456791.416569876 21209.6 422.26 595.657
2456791.437001466 21164.35 422.2 595.632
2456791.457433156 21138.24 422.181 595.606
2456791.477864947 21098.11 422.128 595.567
2456791.498296637 21084.79 422.09 595.54
2456791.518728228 20905.2 422.505 595.813
2456791.539160019 21204.02 422.591 595.867
2456791.55959161 21219.66 422.547 595.846
2456791.580023401 21231.64 422.494 595.799
2456791.600455093 21222.9 422.434 595.79
2456791.620886685 21235.05 422.402 595.753
2456791.641318477 21271.56 422.34 595.723
2456791.661750169 21274.42 422.323 595.688
2456791.682181762 21248.84 422.281 595.652
2456791.702613554 21231.14 422.232 595.64
2456791.723045247 21175.92 422.182 595.595
2456791.74347704 21157.45 422.139 595.585
2456791.763908634 21095.81 422.451 595.786
2456791.784340328 21236.49 422.533 595.847
2456791.804772121 21255.31 422.511 595.81
2456791.825203715 21260.04 422.456 595.779
2456791.845635409 21270.0 422.414 595.765
2456791.866067204 21287.51 422.358 595.715
2456791.886498799 21328.48 422.327 595.695
2456791.906930493 21296.49 422.273 595.666
2456791.927362288 21249.31 422.242 595.638
2456791.947793884 21206.45 422.181 595.608
2456791.968225679 21171.53 422.149 595.578
2456791.988657375 21142.66 422.093 595.548
2456792.009089071 20991.14 422.486 595.809
2456792.029520767 21260.6 422.565 595.866
2456792.049952463 21290.48 422.51 595.817
2456792.07038416 21288.86 422.48 595.795
2456792.090815857 21309.02 422.417 595.748
2456792.111247554 21322.87 422.371 595.723
2456792.131679351 21349.27 422.317 595.693
2456792.152111049 21326.9 422.272 595.662
2456792.172542647 21282.31 422.243 595.639
2456792.192974444 21249.72 422.193 595.61
2456792.213406043 21188.34 422.147 595.581
2456792.233837741 21151.05 422.1 595.551
2456792.254269539 21082.12 422.489 595.815
2456792.274701138 21282.08 422.547 595.835
2456792.295132937 21301.58 422.481 595.798
2456792.315564637 21296.61 422.432 595.768
2456792.335996236 21307.47 422.38 595.732
2456792.356428036 21326.02 422.337 595.717
2456792.376859736 21306.75 422.278 595.665
2456792.397291336 21289.84 422.259 595.641
2456792.417723136 21210.48 422.189 595.602
2456792.438154837 21177.54 422.149 595.586
2456792.458586438 21125.55 422.094 595.543
2456792.479018239 21122.65 422.04 595.511
2456792.49944994 21148.19 422.444 595.779
2456792.519881742 21277.95 422.444 595.778
2456792.540313343 21275.41 422.395 595.744
2456792.560745045 21327.49 422.33 595.695
2456792.581176847 21309.92 422.286 595.669
2456792.60160845 21219.42 422.227 595.628
2456792.622040152 21171.72 422.173 595.6
2456792.642471955 21125.14 422.128 595.569
2456792.662903658 21096.62 422.081 595.534
2456792.683335362 21082.95 422.04 595.507
2456792.703767065 21069.5 421.977 595.463
2456792.724198769 21078.06 421.934 595.453
2456792.744630473 20333.64 422.68 595.937
2456792.765062177 21385.97 422.888 596.057
2456792.785493881 21431.02 422.902 595.976
2456792.805925586 21369.81 422.841 595.936
2456792.826357291 21322.28 422.79 595.898
2456792.846788996 21227.63 422.661 595.914
2456792.867220801 21189.28 422.608 595.88
2456792.887652407 21188.72 422.53 595.834
2456792.908084213 21196.18 422.474 595.805
2456792.928515819 21193.55 422.404 595.741
2456792.948947525 21225.66 422.348 595.709
2456792.969379331 21221.05 422.292 595.668
2456793.010242645 21098.22 422.538 595.831
2456793.030674452 21159.5 422.522 595.823
2456793.051106059 21153.52 422.476 595.798
2456793.071537867 21170.97 422.395 595.762
2456793.091969575 21162.7 422.363 595.722
2456793.112401183 21184.19 422.287 595.683
2456793.132832991 21166.72 422.28 595.659
2456793.1532647 21117.13 422.233 595.635
2456793.173696309 21052.17 422.204 595.595
2456793.194128118 21050.19 422.173 595.564
2456793.214559827 20989.18 422.106 595.552
2456793.234991536 20527.08 422.696 595.946
2456793.255423246 21358.88 422.904 595.98
2456793.275854956 21334.26 422.884 595.962
2456793.296286766 21245.89 422.815 595.928
2456793.316718377 21261.04 422.798 595.903
2456793.337150088 21204.5 422.754 595.87
2456793.357581898 21116.52 422.633 595.899
2456793.378013609 21108.71 422.602 595.88
2456793.398445221 21101.88 422.547 595.859
2456793.418877032 21105.21 422.523 595.827
2456793.439308744 21105.75 422.469 595.789
2456793.459740556 21099.41 422.448 595.774
2456793.480172168 21010.93 422.598 595.862
2456793.500603881 21087.46 422.607 595.867
2456793.521035694 21081.6 422.565 595.84
2456793.541467307 21084.39 422.511 595.825
2456793.56189892 21089.02 422.467 595.797
2456793.582330734 21101.25 422.412 595.758
2456793.602762447 21088.61 422.393 595.748
2456793.623194261 21123.55 422.346 595.68
2456793.643625875 21113.13 422.3 595.673
2456793.66405759 21082.52 422.251 595.645
2456793.684489404 21019.92 422.2 595.608
2456793.704921019 20989.1 422.144 595.585
2456793.725352734 20927.79 422.439 595.773
2456793.74578455 21090.47 422.475 595.8
2456793.766216165 21078.96 422.433 595.762
2456793.786647881 21090.84 422.394 595.738
2456793.807079697 21130.64 422.337 595.695
2456793.827511313 21136.47 422.301 595.676
2456793.847943129 21087.56 422.248 595.644
2456793.868374846 21012.74 422.205 595.614
2456793.888806563 20996.11 422.176 595.585
2456793.90923828 20949.43 422.117 595.551
2456793.929669998 20922.74 422.093 595.534
2456793.950101716 20906.94 422.036 595.509
2456793.970533433 20620.72 422.666 595.924
2456793.990965152 21224.4 422.829 595.929
2456794.01139697 21194.68 422.804 595.896
2456794.031828689 21094.04 422.689 595.922
2456794.052260308 21077.73 422.634 595.884
2456794.072692127 21079.39 422.594 595.871
2456794.093123846 21080.7 422.535 595.84
2456794.113555466 21093.91 422.501 595.813
2456794.133987286 21082.77 422.442 595.77
2456794.154419006 21110.0 422.396 595.743
2456794.174850726 21129.84 422.332 595.699
2456794.195282447 21132.94 422.284 595.668
2456794.215714068 20970.29 422.594 595.863
2456794.236145888 21095.94 422.6 595.861
2456794.25657761 21080.26 422.557 595.84
2456794.277009232 21100.79 422.487 595.799
2456794.297441053 21085.7 422.451 595.789
2456794.317872775 21141.42 422.36 595.72
2456794.338304398 21159.02 422.328 595.693
2456794.35873622 21138.85 422.288 595.654
2456794.379167943 21075.75 422.231 595.622
2456794.399599766 21026.08 422.183 595.593
2456794.420031389 20994.62 422.127 595.565
2456794.440463113 20982.41 422.094 595.538
2456794.460894936 21031.32 422.437 595.768
2456794.48132656 21125.75 422.455 595.78
2456794.501758284 21148.91 422.379 595.727
2456794.522190109 21174.38 422.33 595.698
2456794.542621834 21153.49 422.281 595.65
2456794.563053559 21089.78 422.225 595.622
2456794.583485284 21035.88 422.161 595.588
2456794.603917009 20994.42 422.102 595.547
2456794.624348735 20978.32 422.066 595.513
2456794.644780461 20960.97 422.007 595.483
2456794.665212187 20980.95 421.959 595.445
2456794.685644014 20998.24 421.892 595.414
2456794.70607564 20888.24 422.425 595.772
2456794.726507367 21154.46 422.486 595.799
2456794.746939194 21169.44 422.439 595.768
2456794.767370822 21182.69 422.375 595.73
2456794.78780265 21220.76 422.315 595.675
2456794.808234377 21170.65 422.258 595.646
2456794.828666006 21094.64 422.189 595.596
2456794.849097834 21064.11 422.137 595.563
2456794.869529462 21003.82 422.055 595.523
2456794.889961191 20987.36 422.022 595.491
2456794.910393021 21010.63 421.948 595.444
2456794.93082465 21031.69 421.895 595.41
2456794.97168821 21103.2 422.609 595.881
2456794.99211984 21172.79 422.581 595.867
2456795.01255167 21171.49 422.52 595.834
2456795.032983401 21198.95 422.498 595.805
2456795.053415132 21182.34 422.429 595.764
2456795.073846863 21217.2 422.409 595.735
2456795.094278594 21252.53 422.34 595.701
2456795.114710426 21255.21 422.302 595.689
2456795.135142058 21186.28 422.252 595.657
2456795.15557379 21171.51 422.224 595.623
2456795.176005622 21122.31 422.196 595.592
2456795.196437255 21089.22 422.511 595.814
2456795.216868988 21181.46 422.523 595.791
2456795.237300821 21204.94 422.462 595.762
2456795.257732554 21201.21 422.424 595.753
2456795.278164188 21238.66 422.359 595.705
2456795.298596022 21268.11 422.326 595.69
2456795.319027756 21226.49 422.28 595.656
2456795.339459591 21193.67 422.241 595.637
2456795.359891226 21171.54 422.204 595.608
2456795.38032296 21134.99 422.167 595.58
2456795.400754795 21095.18 422.134 595.561
2456795.421186431 21084.85 422.083 595.534
2456795.441618166 20878.09 422.581 595.861
2456795.462050003 21221.5 422.619 595.903
2456795.482481638 21237.89 422.612 595.872
2456795.502913475 21215.15 422.57 595.845
2456795.523345112 21214.05 422.54 595.816
2456795.543776849 21222.21 422.501 595.787
2456795.564208686 21230.33 422.455 595.767
2456795.584640324 21257.01 422.399 595.748
2456795.605072061 21287.49 422.353 595.703
2456795.625503899 21288.87 422.314 595.691
2456795.645935537 21241.8 422.262 595.643
2456795.666367376 21227.54 422.235 595.626
2456795.686799115 21062.02 422.578 595.831
2456795.707230854 21260.32 422.613 595.876
2456795.727662593 21243.21 422.573 595.857
2456795.748094332 21258.72 422.519 595.81
2456795.768526072 21248.79 422.493 595.803
2456795.788957812 21267.48 422.433 595.768
2456795.809389553 21280.79 422.41 595.736
2456795.829821293 21301.82 422.359 595.706
2456795.850253134 21309.48 422.329 595.692
2456795.870684775 21300.71 422.28 595.651
2456795.891116616 21259.43 422.24 595.629
2456795.911548358 21228.96 422.193 595.605
2456795.931979999 21107.44 422.684 595.916
2456795.952411842 21401.6 422.804 595.896
2456795.972843584 21285.68 422.661 595.909
2456795.993275227 21288.1 422.636 595.887
2456796.01370707 21278.83 422.566 595.854
2456796.034138813 21294.21 422.532 595.83
2456796.054570656 21300.61 422.485 595.799
2456796.0750023 21303.62 422.452 595.759
2456796.095434044 21299.86 422.394 595.721
2456796.115865788 21368.97 422.33 595.686
2456796.136297532 21327.21 422.285 595.659
2456796.156729277 21260.44 422.226 595.619
2456796.177161022 21236.96 422.534 595.824
2456796.197592767 21304.61 422.532 595.819
2456796.218024612 21286.96 422.482 595.796
2456796.238456258 21302.28 422.421 595.754
2456796.258888004 21323.82 422.363 595.715
2456796.279319851 21360.01 422.335 595.684
2456796.299751497 21343.03 422.27 595.64
2456796.320183244 21255.99 422.224 595.611
2456796.340615091 21193.74 422.166 595.579
2456796.361046738 21169.38 422.127 595.551
2456796.381478486 21116.89 422.064 595.529
2456796.401910333 21113.88 422.024 595.485
2456796.422342082 20672.59 422.712 595.939
2456796.44277383 21490.4 422.914 595.955
2456796.463205579 21448.55 422.872 595.937
2456796.483637328 21379.81 422.805 595.901
2456796.504069077 21369.84 422.762 595.875
2456796.524500826 21260.09 422.629 595.881
2456796.544932576 21246.89 422.6 595.862
2456796.565364426 21243.67 422.531 595.823
2456796.585796076 21252.63 422.481 595.796
2456796.606227926 21259.77 422.431 595.755
2456796.626659677 21261.26 422.382 595.715
2456796.647091328 21289.57 422.332 595.689
2456796.66752318 21149.38 422.634 595.888
2456796.687954931 21222.52 422.647 595.902
2456796.708386583 21216.16 422.596 595.858
2456796.728818435 21193.49 422.551 595.83
2456796.749250187 21204.83 422.488 595.794
2456796.76968194 21207.77 422.439 595.763
2456796.790113693 21241.94 422.38 595.719
2456796.810545446 21265.19 422.332 595.689
2456796.830977199 21198.34 422.283 595.649
2456796.851408953 21142.13 422.228 595.615
2456796.871840707 21096.88 422.177 595.586
2456796.892272461 21047.71 422.137 595.548
2456796.93313597 21159.92 422.48 595.79
2456796.953567726 21171.43 422.433 595.757
2456796.973999481 21198.84 422.362 595.717
2456796.994431336 21193.02 422.344 595.68
2456797.014862992 21158.05 422.292 595.641
2456797.035294748 21098.83 422.272 595.622
2456797.055726605 21080.0 422.232 595.599
2456797.076158361 21049.22 422.17 595.58
2456797.096590018 20998.89 422.139 595.557
2456797.117021875 20970.63 422.092 595.533
2456797.137453633 20969.19 422.073 595.52
2456797.15788539 20719.92 422.434 595.762
2456797.178317148 21130.24 422.663 595.902
2456797.198748907 21107.67 422.623 595.872
2456797.219180765 21108.04 422.601 595.859
2456797.239612424 21087.88 422.554 595.831
2456797.260044183 21088.66 422.527 595.827
2456797.280476043 21074.79 422.483 595.802
2456797.300907702 21114.28 422.462 595.772
2456797.321339562 21107.85 422.424 595.743
2456797.341771322 21125.46 422.377 595.708
2456797.362202982 21112.68 422.358 595.681
2456797.382634843 21102.83 422.298 595.665
2456797.403066604 21004.35 422.58 595.832
2456797.423498265 21049.55 422.561 595.846
2456797.443930127 21075.66 422.534 595.82
2456797.464361889 21073.69 422.487 595.795
2456797.484793751 21075.35 422.435 595.767
2456797.505225413 21074.46 422.416 595.724
2456797.525657076 21106.21 422.363 595.697
2456797.546088939 21122.62 422.32 595.677
2456797.566520702 21075.72 422.263 595.636
2456797.586952466 21032.07 422.231 595.616
2456797.607384229 20987.5 422.182 595.588
2456797.627815993 20976.43 422.165 595.569
2456797.648247757 20687.53 422.764 595.963
2456797.668679522 21242.18 422.87 596.029
2456797.689111287 21258.01 422.895 595.949
2456797.709543152 21220.5 422.838 595.919
2456797.729974917 21196.46 422.819 595.898
2456797.750406583 21172.73 422.776 595.878
2456797.770838449 21149.85 422.757 595.866
2456797.791270215 21060.91 422.641 595.875
2456797.811701882 21062.88 422.617 595.881
2456797.832133748 21062.85 422.571 595.838
2456797.852565515 21053.46 422.53 595.82
2456797.872997383 21063.84 422.469 595.787
2456797.89342905 21007.62 422.704 595.925
2456797.913860818 21169.87 422.794 595.877
2456797.934292686 21087.81 422.676 595.888
2456797.954724355 21069.36 422.634 595.878
2456797.975156123 21074.49 422.562 595.828
2456797.995587992 21060.31 422.517 595.809
2456798.016019662 21084.3 422.452 595.777
2456798.036451531 21079.07 422.42 595.738
2456798.056883301 21124.79 422.359 595.697
2456798.077314971 21128.5 422.301 595.661
2456798.097746842 21057.33 422.239 595.628
2456798.118178612 20995.76 422.184 595.577
2456798.138610283 20870.69 422.554 595.833
2456798.159042154 21068.54 422.584 595.837
2456798.179473826 21068.45 422.524 595.807
2456798.199905698 21068.26 422.451 595.764
2456798.22033747 21095.91 422.391 595.719
2456798.240769142 21118.86 422.305 595.67
2456798.261201015 21082.12 422.272 595.646
2456798.281632788 21038.0 422.234 595.601
2456798.302064561 20979.07 422.19 595.582
2456798.322496334 20967.71 422.162 595.565
2456798.342928108 20946.13 422.114 595.541
2456798.363359882 20940.11 422.087 595.531
2456798.383791656 20833.04 422.618 595.867
2456798.404223431 21108.79 422.67 595.894
2456798.424655306 21095.05 422.604 595.854
2456798.445087081 21074.5 422.56 595.837
2456798.465518756 21085.39 422.486 595.785
2456798.485950632 21112.96 422.445 595.745
2456798.506382408 21135.33 422.37 595.704
2456798.526814085 21154.45 422.327 595.681
2456798.547245961 21111.73 422.263 595.637
2456798.567677738 21048.9 422.222 595.61
2456798.588109615 21014.81 422.185 595.567
2456798.608541293 20983.13 422.117 595.547
2456798.628973071 20776.72 422.646 595.87
2456798.649404949 21227.62 422.78 595.881
2456798.669836627 21145.31 422.679 595.907
2456798.690268405 21127.96 422.601 595.858
2456798.710700284 21118.39 422.566 595.83
2456798.731131963 21131.7 422.479 595.788
2456798.751563843 21126.92 422.44 595.751
2456798.771995622 21386.7 422.371 595.703
2456798.792427302 21212.72 422.325 595.664
2456798.812859183 21147.4 422.26 595.635
2456798.833290863 21086.12 422.197 595.602
2456798.853722644 21044.14 422.155 595.555
2456798.894586207 21182.8 422.71 595.896
2456798.915017989 21164.41 422.678 595.892
2456798.935449871 21136.69 422.671 595.873
2456798.955881653 21163.68 422.603 595.862
2456798.976313435 21160.15 422.578 595.844
2456798.996745219 21156.69 422.543 595.821
2456799.017177002 21170.19 422.514 595.816
2456799.037608785 21180.17 422.477 595.772
2456799.058040569 21199.22 422.448 595.756
2456799.078472353 21221.3 422.403 595.723
2456799.098904237 21234.81 422.362 595.695
2456799.119335922 21106.05 422.636 595.881
2456799.139767807 21197.24 422.629 595.881
2456799.160199592 21176.08 422.602 595.867
2456799.180631278 21200.48 422.554 595.819
2456799.201063163 21218.69 422.533 595.801
2456799.221494949 21228.64 422.475 595.77
2456799.241926636 21219.46 422.454 595.747
2456799.262358523 21244.99 422.409 595.712
2456799.282790309 21240.65 422.379 595.708
2456799.303222197 21281.62 422.317 595.675
2456799.323653884 21269.46 422.292 595.651
2456799.344085672 21224.03 422.249 595.628
2456799.36451756 21075.33 422.55 595.827
2456799.384949248 21244.0 422.605 595.845
2456799.405381037 21228.39 422.563 595.817
2456799.425812926 21250.88 422.519 595.805
2456799.446244616 21280.23 422.462 595.764
2456799.466676505 21271.5 422.43 595.746
2456799.487108195 21305.76 422.365 595.708
2456799.507539985 21344.67 422.333 595.675
2456799.527971875 21315.27 422.306 595.646
2456799.548403566 21262.1 422.263 595.618
2456799.568835357 21221.26 422.209 595.599
2456799.589267249 21206.02 422.175 595.571
2456799.60969904 21089.41 422.507 595.786
2456799.630130732 21298.32 422.577 595.839
2456799.650562624 21286.18 422.548 595.823
2456799.670994417 21294.05 422.493 595.79
2456799.69142621 21305.14 422.468 595.767
2456799.711858003 21309.1 422.411 595.734
2456799.732289796 21334.3 422.381 595.701
2456799.75272169 21361.59 422.319 595.671
2456799.773153384 21328.39 422.283 595.644
2456799.793585178 21274.48 422.237 595.62
2456799.814017073 21269.88 422.208 595.582
2456799.834448768 21228.6 422.18 595.56
2456799.854880663 20833.81 422.632 595.876
2456799.875312458 21480.36 422.852 595.91
2456799.895744154 21439.01 422.801 595.874
2456799.91617605 21411.47 422.777 595.868
2456799.936607847 21330.98 422.64 595.874
2456799.957039543 21330.14 422.625 595.865
2456799.977471441 21315.96 422.563 595.831
2456799.997903238 21315.33 422.533 595.814
2456800.018335135 21316.78 422.48 595.79
2456800.038766833 21325.44 422.44 595.753
2456800.059198631 21364.86 422.403 595.718
2456800.07963043 21376.67 422.363 595.682
2456800.100062228 21208.14 422.655 595.88
2456800.120494028 21326.75 422.656 595.882
2456800.140925827 21321.62 422.629 595.867
2456800.161357626 21307.57 422.57 595.826
2456800.181789526 21296.34 422.539 595.821
2456800.202221227 21321.45 422.472 595.779
2456800.222653027 21321.54 422.46 595.746
2456800.243084928 21336.11 422.38 595.711
2456800.263516629 21369.25 422.345 595.672
2456800.283948431 21319.42 422.292 595.656
2456800.304380333 21276.96 422.253 595.613
2456800.324812135 21206.99 422.205 595.59
2456800.345243837 21047.93 422.572 595.83
2456800.365675739 21269.36 422.634 595.867
2456800.386107543 21252.05 422.579 595.833
2456800.406539446 21250.76 422.534 595.819
2456800.42697115 21271.79 422.484 595.773
2456800.447402953 21241.83 422.457 595.759
2456800.467834857 21263.09 422.385 595.703
2456800.488266562 21298.61 422.346 595.686
2456800.508698367 21246.86 422.281 595.639
2456800.529130272 21217.37 422.255 595.621
2456800.549561977 21145.18 422.205 595.575
2456800.569993883 21099.19 422.158 595.56
2456800.590425689 21164.72 422.394 595.716
2456800.610857395 21217.71 422.397 595.711
2456800.631289302 21261.07 422.341 595.677
2456800.651721109 21208.07 422.288 595.641
2456800.672152816 21167.34 422.245 595.619
2456800.692584724 21082.29 422.181 595.569
2456800.713016531 21044.52 422.141 595.544
2456800.73344834 21001.29 422.081 595.499
2456800.753880148 20988.96 422.044 595.478
2456800.774311957 20998.24 421.97 595.438
2456800.794743866 21004.32 421.925 595.418
2456800.815175575 21013.05 421.88 595.368
2456800.856039195 21133.57 422.591 595.836
2456800.876471005 21116.75 422.589 595.834
2456800.896902916 21071.32 422.569 595.804
2456800.917334727 21097.05 422.559 595.79
2456800.937766438 21093.84 422.513 595.778
2456800.958198349 21103.58 422.479 595.774
2456800.978630161 21111.37 422.454 595.762
2456800.999061873 21121.72 422.413 595.723
2456801.019493786 21133.53 422.378 595.703
2456801.039925599 21170.64 422.342 595.667
2456801.060357311 21155.62 422.323 595.657
2456801.080789225 21034.62 422.534 595.798
2456801.101221038 21092.66 422.56 595.827
2456801.121652952 21097.85 422.507 595.788
2456801.142084667 21088.5 422.477 595.78
2456801.162516481 21082.96 422.425 595.737
2456801.182948396 21112.06 422.408 595.722
2456801.203380111 21136.9 422.364 595.682
2456801.223811927 21152.77 422.341 595.662
2456801.244243843 21115.15 422.31 595.643
2456801.264675559 21087.42 422.272 595.615
2456801.285107475 21046.44 422.228 595.601
2456801.305539292 21009.43 422.191 595.58
2456801.325971009 20633.78 422.652 595.871
2456801.346402926 21239.57 422.837 595.9
2456801.366834744 21203.66 422.812 595.889
2456801.387266562 21100.64 422.685 595.918
2456801.40769838 21107.59 422.675 595.893
2456801.428130199 21115.3 422.652 595.854
2456801.448562018 21091.53 422.604 595.846
2456801.468993837 21077.31 422.569 595.82
2456801.489425656 21092.8 422.53 595.804
2456801.509857477 21101.46 422.48 595.788
2456801.530289297 21111.78 422.447 595.747
2456801.550721117 21118.41 422.389 595.707
2456801.571152938 21032.16 422.708 595.898
2456801.591584759 21191.54 422.795 595.863
2456801.612016681 21121.37 422.682 595.896
2456801.632448502 21109.12 422.657 595.88
2456801.652880224 21115.18 422.597 595.841
2456801.673312147 21111.18 422.573 595.829
2456801.693743969 21105.51 422.526 595.801
2456801.714175692 21112.14 422.499 595.78
2456801.734607616 21113.76 422.435 595.737
2456801.755039439 21126.79 422.401 595.714
2456801.775471163 21168.27 422.346 595.679
2456801.795903088 21155.65 422.308 595.65
2456801.816334912 21050.92 422.504 595.796
2456801.836766837 21103.12 422.502 595.779
2456801.857198562 21119.38 422.487 595.754
2456801.877630388 21114.52 422.436 595.733
2456801.898062313 21132.46 422.401 595.71
2456801.91849404 21173.9 422.34 595.667
2456801.938925866 21164.32 422.309 595.653
2456801.959357793 21085.81 422.252 595.61
2456801.97978952 21050.96 422.221 595.594
2456802.000221448 21007.34 422.168 595.558
2456802.020653275 20985.9 422.134 595.539
2456802.041085003 20949.48 422.078 595.502
2456802.061516932 20912.58 422.498 595.783
2456802.08194876 21097.62 422.565 595.818
2456802.102380489 21097.83 422.531 595.787
2456802.122812419 21103.62 422.489 595.763
2456802.143244248 21108.47 422.435 595.732
2456802.163676078 21105.4 422.407 595.721
2456802.184107909 21158.01 422.347 595.671
2456802.204539739 21141.96 422.313 595.653
2456802.22497157 21092.57 422.259 595.622
2456802.245403401 21056.51 422.242 595.592
2456802.265835233 21005.28 422.169 595.556
2456802.286267165 20981.22 422.149 595.543
2456802.306698897 21093.74 422.371 595.69
2456802.327130729 21124.79 422.39 595.702
2456802.347562662 21155.36 422.345 595.679
2456802.367994395 21135.33 422.315 595.646
2456802.388426329 21082.77 422.262 595.611
2456802.408858162 21026.38 422.219 595.586
2456802.429289897 21005.25 422.169 595.565
2456802.449721831 20965.32 422.14 595.537
2456802.470153666 20954.63 422.089 595.504
2456802.490585401 20954.28 422.048 595.474
2456802.511017337 20934.23 422.012 595.454
2456802.531449172 20945.07 421.955 595.428
2456802.551881108 20802.57 422.525 595.788
2456802.572312844 21109.89 422.591 595.831
2456802.592744681 21116.16 422.571 595.812
2456802.613176618 21110.93 422.511 595.777
2456802.633608356 21130.24 422.467 595.755
2456802.654040193 21134.41 422.412 595.724
2456802.674472131 21168.7 422.382 595.697
2456802.694903869 21182.87 422.329 595.662
2456802.715335808 21163.95 422.293 595.638
2456802.735767647 21133.45 422.253 595.607
2456802.756199386 21048.81 422.202 595.575
2456802.776631326 21020.52 422.162 595.548
2456802.817495006 20948.15 422.65 595.874
2456802.837926846 21196.61 422.703 595.896
2456802.858358688 21180.77 422.668 595.877
2456802.878790429 21188.74 422.607 595.852
2456802.89922237 21176.88 422.576 595.829
2456802.919654212 21170.19 422.524 595.8
2456802.940086154 21156.37 422.506 595.79
2456802.960517897 21216.07 422.45 595.754
2456802.980949739 21209.16 422.449 595.74
2456803.001381683 21238.11 422.408 595.7
2456803.021813427 21219.47 422.389 595.68
2456803.04224527 20757.73 422.76 595.961
2456803.062677214 21363.26 422.977 596.081
2456803.083108959 21332.74 422.947 596.062
2456803.103540903 21403.15 422.905 596.026
2456803.123972749 21470.29 422.928 595.956
2456803.144404494 21440.49 422.908 595.94
2456803.16483644 21425.23 422.879 595.919
2456803.185268286 21378.41 422.846 595.9
2456803.205700032 21373.93 422.827 595.88
2456803.226131979 21350.26 422.777 595.853
2456803.246563826 21340.2 422.753 595.835
2456803.266995774 21266.99 422.628 595.864
2456803.287427522 21266.9 422.614 595.841
2456803.30785937 21267.84 422.551 595.822
2456803.328291318 21278.38 422.538 595.798
2456803.348723067 21273.16 422.504 595.774
2456803.369154916 21302.84 422.47 595.755
2456803.389586865 21279.74 422.461 595.726
2456803.410018715 21312.19 422.411 595.709
2456803.430450565 21305.31 422.395 595.687
2456803.450882316 21365.99 422.337 595.666
2456803.471314166 21341.33 422.314 595.647
2456803.491746117 21293.63 422.273 595.618
2456803.512177969 21267.24 422.243 595.606
2456803.532609721 21159.88 422.589 595.839
2456803.553041672 21304.69 422.641 595.858
2456803.573473525 21306.22 422.607 595.821
2456803.593905278 21324.67 422.564 595.813
2456803.614337231 21327.57 422.512 595.778
2456803.634769084 21331.13 422.478 595.764
2456803.655201038 21347.41 422.431 595.722
2456803.675632792 21363.32 422.388 595.703
2456803.696064646 21379.78 422.36 595.668
2456803.716496601 21378.77 422.317 595.644
2456803.736928356 21314.01 422.273 595.607
2456803.757360211 21260.79 422.23 595.593
2456803.777792167 21083.95 422.698 595.893
2456803.798223923 21451.21 422.826 595.888
2456803.818655879 21426.01 422.8 595.875
2456803.839087736 21346.72 422.679 595.884
2456803.859519493 21336.08 422.647 595.868
2456803.879951451 21320.5 422.603 595.818
2456803.900383308 21328.73 422.565 595.816
2456803.920815066 21331.61 422.505 595.775
2456803.941247025 21339.5 422.475 595.759
2456803.961678883 21330.76 422.422 595.727
2456803.982110842 21345.09 422.393 595.699
2456804.002542602 21381.48 422.349 595.67
2456804.022974461 21184.09 422.562 595.798
2456804.043406322 21294.78 422.582 595.812
2456804.063838282 21312.29 422.543 595.787
2456804.084270043 21308.64 422.499 595.76
2456804.104701904 21335.22 422.444 595.736
2456804.125133765 21321.04 422.41 595.717
2456804.145565627 21347.69 422.368 595.68
2456804.165997589 21352.44 422.339 595.654
2456804.186429351 21305.61 422.286 595.623
2456804.206861314 21236.48 422.246 595.607
2456804.227293177 21187.56 422.188 595.571
2456804.247724941 21176.48 422.159 595.547
2456804.268156904 20969.1 422.667 595.871
2456804.288588768 21406.35 422.841 595.875
2456804.309020533 21295.77 422.698 595.891
2456804.329452497 21281.46 422.67 595.881
2456804.349884363 21266.67 422.611 595.835
2456804.370316328 21243.75 422.564 595.818
2456804.390748094 21263.34 422.511 595.779
2456804.41117996 21269.79 422.46 595.751
2456804.431611926 21270.09 422.418 595.709
2456804.452043694 21252.28 422.377 595.683
2456804.47247556 21289.98 422.32 595.646
2456804.492907528 21201.19 422.265 595.608
2456804.513339296 21139.02 422.898 596.033
2456804.533771264 21371.61 422.928 596.053
2456804.554203133 21408.5 422.892 596.024
2456804.574635001 21398.46 422.906 595.929
2456804.595066871 21368.62 422.874 595.905
2456804.61549874 21296.33 422.819 595.874
2456804.63593061 21292.58 422.787 595.86
2456804.65636248 21195.75 422.642 595.861
2456804.676794351 21175.46 422.625 595.839
2456804.697226222 21166.46 422.552 595.808
2456804.717658093 21171.5 422.526 595.785
2456804.738089964 21152.94 422.455 595.746
2456804.758521836 21160.4 422.422 595.723
2456804.778953709 21172.55 422.379 595.673
2456804.799385581 21201.69 422.328 595.655
2456804.819817554 21118.11 422.275 595.606
2456804.840249327 21068.52 422.224 595.586
2456804.860681201 21001.78 422.176 595.551
2456804.881113175 20990.65 422.135 595.531
2456804.901544949 20957.0 422.093 595.487
2456804.921976924 20934.73 422.033 595.468
2456804.942408799 20959.06 421.995 595.423
2456804.962840574 20943.86 421.94 595.411
2456804.98327255 20981.45 421.905 595.368
2456805.003704426 20365.17 422.583 595.814
2456805.024136202 21232.75 422.847 595.891
2456805.044568179 21171.68 422.79 595.856
2456805.065000056 21096.35 422.68 595.884
2456805.085432034 21079.47 422.619 595.852
2456805.105863811 21060.14 422.597 595.823
2456805.126295689 21060.97 422.536 595.781
2456805.146727668 21071.91 422.502 595.774
2456805.167159447 21091.63 422.44 595.724
2456805.187591326 21100.65 422.406 595.704
