Dates Flux Xpos Ypos
2456768.962217216 254651.1 275.011 496.318
2456768.982648807 255029.6 275.084 496.282
2456769.003080397 254996.9 275.087 496.289
2456769.023511988 254861.9 275.084 496.301
2456769.043943578 255061.5 275.097 496.285
2456769.064375169 254953.4 275.104 496.304
2456769.084806759 254872.1 275.11 496.311
2456769.105238449 254924.1 275.127 496.321
2456769.12567004 254859.7 275.134 496.328
2456769.14610153 254909.4 275.154 496.335
2456769.16653322 254854.3 275.153 496.346
2456769.18696471 254935.8 275.163 496.344
2456769.207396301 254965.8 275.163 496.349
2456769.227827991 255020.7 275.169 496.353
2456769.248259481 255006.0 275.167 496.351
2456769.268691071 255006.3 275.17 496.352
2456769.289122761 255064.8 275.187 496.362
2456769.309554251 255081.0 275.188 496.364
2456769.329985841 255105.5 275.197 496.382
2456769.350417531 255182.4 275.222 496.377
2456769.370849021 255236.4 275.234 496.398
2456769.391280711 255192.1 275.229 496.393
2456769.4117123 255227.9 275.23 496.4
2456769.43214379 255248.3 275.226 496.389
2456769.47300707 253839.8 275.124 496.396
2456769.493438659 255373.8 275.26 496.465
2456769.513870249 255404.5 275.242 496.492
2456769.534301839 255395.2 275.237 496.492
2456769.554733428 255439.2 275.249 496.492
2456769.575165118 255480.5 275.243 496.504
2456769.595596607 255598.4 275.274 496.505
2456769.616028297 255640.2 275.269 496.514
2456769.636459887 255682.8 275.27 496.517
2456769.656891376 255624.4 275.264 496.515
2456769.677323065 255753.8 275.271 496.526
2456769.697754655 255685.5 275.279 496.511
2456769.718186144 255716.0 275.282 496.517
2456769.738617833 255706.8 275.29 496.507
2456769.759049423 255921.0 275.311 496.531
2456769.779480912 255890.2 275.299 496.533
2456769.799912601 255812.4 275.298 496.523
2456769.82034419 255888.4 275.298 496.541
2456769.84077568 255957.4 275.318 496.532
2456769.861207369 255957.6 275.317 496.542
2456769.881638858 255984.3 275.316 496.543
2456769.902070547 256036.2 275.32 496.549
2456769.922502136 255998.4 275.315 496.549
2456769.942933625 256131.4 275.34 496.545
2456769.963365314 256181.6 275.344 496.56
2456769.983796903 256226.4 275.35 496.563
2456770.004228492 256306.6 275.357 496.567
2456770.024660081 256317.0 275.355 496.576
2456770.04509167 256426.1 275.367 496.581
2456770.065523259 256463.7 275.381 496.578
2456770.085954848 256581.0 275.397 496.595
2456770.106386437 256606.0 275.394 496.607
2456770.126818025 256655.9 275.41 496.617
2456770.147249714 256734.8 275.436 496.613
2456770.167681203 256764.0 275.454 496.624
2456770.188112892 256649.4 275.451 496.637
2456770.208544481 256620.7 275.459 496.646
2456770.228975969 256638.0 275.462 496.647
2456770.249407658 256617.1 275.481 496.654
2456770.269839247 256584.1 275.492 496.67
2456770.290270735 256471.5 275.488 496.686
2456770.310702424 256555.4 275.517 496.683
2456770.331134012 256617.1 275.539 496.682
2456770.351565501 256489.0 275.541 496.703
2456770.37199719 256508.3 275.549 496.705
2456770.392428778 256502.8 275.555 496.716
2456770.412860367 256436.5 275.56 496.726
2456770.433291955 254284.2 275.049 496.334
2456770.453723543 255289.7 274.985 496.291
2456770.474155232 255207.4 274.995 496.313
2456770.494586721 255205.9 275.009 496.316
2456770.515018309 255650.8 275.077 496.274
2456770.535449897 255552.5 275.091 496.29
2456770.555881485 255516.9 275.094 496.301
2456770.576313074 255598.7 275.116 496.298
2456770.596744662 255497.2 275.113 496.311
2456770.617176251 255506.5 275.111 496.312
2456770.637607839 255563.0 275.117 496.309
2456770.658039527 255489.6 275.125 496.322
2456770.678471015 255457.5 275.144 496.331
2456770.698902604 255513.1 275.138 496.325
2456770.719334292 255513.5 275.135 496.326
2456770.73976578 255564.7 275.143 496.326
2456770.760197468 255484.2 275.144 496.336
2456770.780629057 255585.5 275.142 496.329
2456770.801060544 255585.4 275.147 496.329
2456770.821492233 255565.3 275.142 496.332
2456770.841923821 255569.7 275.126 496.324
2456770.862355309 255598.0 275.147 496.329
2456770.882786997 255635.3 275.136 496.324
2456770.903218585 255645.5 275.13 496.333
2456770.923650073 255668.2 275.131 496.321
2456770.944081761 255743.1 275.129 496.314
2456770.964513349 255709.7 275.128 496.319
2456770.984944937 255775.9 275.124 496.321
2456771.005376525 255724.6 275.127 496.323
2456771.025808113 255768.9 275.128 496.323
2456771.046239801 255749.2 275.143 496.335
2456771.066671289 255835.9 275.16 496.34
2456771.087102877 255884.7 275.186 496.363
2456771.107534565 255989.0 275.213 496.387
2456771.127966153 256057.8 275.23 496.394
2456771.148397641 256171.8 275.25 496.407
2456771.168829329 256140.7 275.245 496.406
2456771.189260917 256129.4 275.245 496.404
2456771.209692405 256144.0 275.243 496.401
2456771.230124092 256149.6 275.237 496.399
2456771.25055558 256117.0 275.227 496.397
2456771.270987168 256040.3 275.206 496.375
2456771.291418856 256042.6 275.193 496.37
2456771.311850344 255933.7 275.184 496.365
2456771.332282031 255962.2 275.177 496.355
2456771.352713619 255968.1 275.182 496.357
2456771.373145107 255998.5 275.174 496.358
2456771.393576795 255963.3 275.163 496.345
2456771.434439871 256086.1 274.94 496.229
2456771.454871558 256010.9 274.958 496.265
2456771.475303146 256014.1 274.962 496.265
2456771.495734734 255899.5 274.951 496.282
2456771.516166321 255859.4 274.96 496.288
2456771.536597909 255839.7 274.977 496.298
2456771.557029497 255869.5 274.997 496.295
2456771.577461084 255821.5 274.994 496.307
2456771.597892672 255886.2 274.976 496.302
2456771.61832436 255878.5 274.976 496.304
2456771.638755947 256065.5 274.964 496.27
2456771.659187435 256045.8 274.964 496.278
2456771.679619123 256185.8 274.977 496.258
2456771.700050711 256212.5 274.956 496.258
2456771.720482198 256100.7 274.931 496.261
2456771.740913886 256185.0 274.923 496.252
2456771.761345474 256240.5 274.921 496.264
2456771.781776961 256374.2 274.921 496.239
2456771.802208649 256278.0 274.928 496.24
2456771.822640236 256328.1 274.913 496.245
2456771.843071724 256344.6 274.914 496.238
2456771.863503412 256328.2 274.915 496.243
2456771.883934999 256342.4 274.91 496.239
2456771.904366587 256533.2 274.915 496.222
2456771.924798174 256467.7 274.893 496.226
2456771.945229762 256515.3 274.897 496.224
2456771.96566135 256487.8 274.886 496.226
2456771.986092937 256539.2 274.885 496.224
2456772.006524525 256752.7 274.881 496.201
2456772.026956113 256670.9 274.872 496.211
2456772.0473877 256720.2 274.859 496.199
2456772.067819288 256763.9 274.85 496.193
2456772.088250875 256800.0 274.843 496.188
2456772.108682463 256910.7 274.844 496.176
2456772.129114151 256938.1 274.831 496.167
2456772.149545638 256906.5 274.815 496.168
2456772.169977226 257002.4 274.795 496.154
2456772.190408913 257079.6 274.772 496.127
2456772.210840501 256941.4 274.754 496.119
2456772.231271989 256675.5 274.732 496.102
2456772.251703676 256734.8 274.734 496.098
2456772.272135264 256837.5 274.737 496.086
2456772.292566751 256606.5 274.724 496.081
2456772.312998439 256486.5 274.702 496.078
2456772.333430026 256359.2 274.684 496.051
2456772.353861514 256270.2 274.663 496.048
2456772.374293202 256300.9 274.654 496.016
2456772.394724789 255603.7 275.133 496.405
2456772.415156477 256575.6 275.227 496.392
2456772.435587964 256507.5 275.21 496.382
2456772.456019552 256456.6 275.188 496.367
2456772.47645124 256402.7 275.158 496.341
2456772.496882727 256364.8 275.148 496.334
2456772.517314315 256287.9 275.13 496.339
2456772.537746002 256477.6 275.139 496.315
2456772.55817749 256416.0 275.13 496.32
2456772.578609078 256338.7 275.115 496.315
2456772.599040765 256437.9 275.108 496.306
2456772.619472253 256512.6 275.089 496.282
2456772.639903841 256220.0 275.014 496.308
2456772.660335529 256221.3 274.989 496.303
2456772.680767016 256427.0 274.95 496.264
2456772.701198704 256557.2 274.919 496.245
2456772.721630292 256710.4 274.903 496.227
2456772.742061779 256600.0 274.894 496.236
2456772.762493467 256871.0 274.878 496.2
2456772.782925054 256854.8 274.845 496.193
2456772.803356542 256967.0 274.828 496.178
2456772.82378823 257192.4 274.801 496.143
2456772.844219817 257235.7 274.775 496.126
2456772.864651305 256752.7 274.726 496.094
2456772.885082993 256545.0 274.694 496.058
2456772.905514581 256439.7 274.673 496.051
2456772.925946068 256361.8 274.665 496.034
2456772.946377756 256290.7 274.635 496.014
2456772.966809344 256136.8 274.594 495.994
2456772.987241032 256188.4 274.587 495.974
2456773.007672519 256171.3 274.553 495.949
2456773.028104107 256318.9 274.508 495.925
2456773.048535795 256381.3 274.464 495.891
2456773.068967283 256428.7 274.443 495.884
2456773.089398871 256430.4 274.425 495.873
2456773.109830559 256547.7 274.394 495.85
2456773.130262146 254509.7 275.078 496.373
2456773.150693634 256686.7 275.221 496.378
2456773.171125322 256532.1 275.176 496.356
2456773.19155691 256559.2 275.118 496.311
2456773.211988498 256621.8 275.094 496.289
2456773.232420086 256273.5 274.992 496.306
2456773.252851673 256455.8 274.967 496.275
2456773.273283261 256598.0 274.931 496.253
2456773.293714849 256726.3 274.904 496.231
2456773.314146437 256906.7 274.87 496.208
2456773.334578025 257165.0 274.819 496.167
2456773.355009613 257301.7 274.772 496.129
2456773.395872789 255677.9 274.912 496.253
2456773.416304377 256231.6 274.992 496.322
2456773.436735865 256316.5 274.976 496.274
2456773.457167553 256505.3 274.962 496.271
2456773.477599142 256661.2 274.912 496.244
2456773.49803083 256804.6 274.891 496.229
2456773.518462318 256807.8 274.856 496.218
2456773.538893905 256998.3 274.857 496.196
2456773.559325594 257153.9 274.84 496.173
2456773.579757082 257198.6 274.823 496.163
2456773.60018867 257357.4 274.785 496.116
2456773.620620358 254757.1 275.075 496.35
2456773.641051946 257686.7 275.359 496.578
2456773.661483434 257515.0 275.335 496.553
2456773.681915123 257359.5 275.312 496.561
2456773.702346711 257324.6 275.31 496.528
2456773.722778199 257094.0 275.278 496.509
2456773.743209887 256905.7 275.239 496.489
2456773.763641476 256918.7 275.239 496.492
2456773.784073064 257265.2 275.273 496.453
2456773.804504653 256813.4 275.261 496.397
2456773.824936241 256655.3 275.224 496.388
2456773.845367929 256560.0 275.19 496.361
2456773.865799418 256454.5 275.152 496.336
2456773.886231006 256450.1 275.129 496.318
2456773.906662694 256626.3 275.125 496.296
2456773.927094183 256146.9 275.025 496.337
2456773.947525771 256266.8 275.01 496.309
2456773.96795746 256268.7 274.98 496.299
2456773.988388948 256545.7 274.921 496.255
2456774.008820637 256836.2 274.91 496.215
2456774.029252125 256961.4 274.886 496.206
2456774.049683714 257019.8 274.848 496.183
2456774.070115402 257158.8 274.799 496.155
2456774.090546891 257158.6 274.765 496.118
2456774.110978479 256837.7 275.39 496.585
2456774.131410168 257923.1 275.436 496.627
2456774.151841657 257932.3 275.401 496.609
2456774.172273246 257807.1 275.381 496.591
2456774.192704934 257597.6 275.359 496.558
2456774.213136523 257270.0 275.308 496.525
2456774.233568012 256921.4 275.253 496.493
2456774.253999701 257243.3 275.286 496.461
2456774.27443129 256691.9 275.247 496.408
2456774.294862878 256579.0 275.228 496.385
2456774.315294467 256507.3 275.182 496.351
2456774.335726056 256399.9 275.124 496.316
2456774.356157745 256573.2 275.089 496.284
2456774.376589234 256248.4 275.01 496.304
2456774.397020823 256297.6 274.972 496.28
2456774.417452512 256459.8 274.921 496.253
2456774.437884001 256958.1 274.863 496.187
2456774.45831559 257063.8 274.814 496.16
2456774.478747279 257124.9 274.769 496.136
2456774.499178768 256885.6 274.745 496.104
2456774.519610457 256621.2 274.713 496.062
2456774.540042046 256261.2 274.649 496.017
2456774.560473535 256054.0 274.593 495.982
2456774.580905225 256025.2 274.556 495.954
2456774.601336814 256013.7 274.896 496.242
2456774.621768303 256637.7 274.896 496.224
2456774.642199992 256996.1 274.839 496.175
2456774.662631582 257144.9 274.783 496.14
2456774.683063171 256802.4 274.737 496.095
2456774.70349476 256349.4 274.685 496.057
2456774.72392635 256171.1 274.644 496.015
2456774.744357839 255977.4 274.578 495.976
2456774.764789529 256179.1 274.514 495.922
2456774.785221118 256286.2 274.477 495.896
2456774.805652708 256333.2 274.425 495.871
2456774.826084297 256521.3 274.366 495.835
2456774.846515887 254916.0 274.948 496.255
2456774.866947576 256185.0 274.982 496.292
2456774.887379066 256456.0 274.913 496.242
2456774.907810656 256778.2 274.86 496.199
2456774.928242345 257099.1 274.803 496.145
2456774.948673835 256572.2 274.715 496.078
2456774.969105425 256278.2 274.671 496.041
2456774.989537115 256105.7 274.62 495.997
2456775.009968604 255981.5 274.566 495.958
2456775.030400294 256165.1 274.484 495.909
2456775.050831884 256270.0 274.419 495.869
2456775.071263374 256454.1 274.366 495.83
2456775.091695064 255175.1 274.902 496.239
2456775.112126654 256538.2 274.911 496.227
2456775.132558144 256891.1 274.836 496.173
2456775.152989834 256920.0 274.762 496.124
2456775.173421424 256400.1 274.703 496.063
2456775.193853015 256105.8 274.637 496.008
2456775.214284604 255949.8 274.541 495.944
2456775.234716195 256160.5 274.478 495.899
2456775.255147885 256220.3 274.413 495.862
2456775.275579375 256507.4 274.351 495.823
2456775.296010965 256908.1 274.267 495.785
2456775.316442656 257035.8 274.212 495.745
2456775.357305737 255945.6 274.938 496.229
2456775.377737427 255892.5 274.946 496.25
2456775.398168918 256414.3 274.906 496.236
2456775.418600508 256502.3 274.886 496.22
2456775.439032199 256622.2 274.86 496.197
2456775.459463689 256779.6 274.839 496.176
2456775.47989528 256971.2 274.793 496.143
2456775.500326971 256667.8 274.749 496.116
2456775.520758461 256394.8 274.726 496.099
2456775.541190152 256125.9 274.692 496.066
2456775.561621743 256004.1 274.652 496.016
2456775.582053234 255228.5 275.136 496.397
2456775.602484925 256360.9 275.228 496.369
2456775.622916515 256166.9 275.196 496.351
2456775.643348007 256084.9 275.122 496.313
2456775.663779697 256149.2 275.087 496.285
2456775.684211289 255841.3 274.997 496.312
2456775.70464288 255787.8 274.995 496.31
2456775.725074471 256268.3 274.963 496.242
2456775.745506062 256264.6 274.918 496.238
2456775.765937753 256425.8 274.894 496.216
2456775.786369244 256494.3 274.852 496.197
2456775.806800836 256775.6 274.827 496.157
2456775.827232527 256975.6 274.787 496.123
2456775.847664118 256659.3 274.759 496.119
2456775.86809561 256313.3 274.721 496.077
2456775.888527301 255946.3 274.673 496.042
2456775.908958893 255710.3 274.635 496.023
2456775.929390384 255687.7 274.612 495.993
2456775.949822076 255558.7 274.565 495.958
2456775.970253667 255769.8 274.497 495.929
2456775.990685359 255844.5 274.456 495.898
2456776.011116851 255916.4 274.425 495.863
2456776.031548442 256078.9 274.396 495.837
2456776.051980034 256238.3 274.329 495.809
2456776.072411626 254633.0 274.811 496.166
2456776.092843218 256361.5 274.865 496.199
2456776.11327481 256543.5 274.821 496.162
2456776.133706402 256395.8 274.752 496.103
2456776.154137894 255795.2 274.683 496.056
2456776.174569586 255596.6 274.638 496.021
2456776.195001178 255542.5 274.609 495.985
2456776.21543277 255528.7 274.558 495.934
2456776.235864362 255669.5 274.509 495.915
2456776.256295955 255661.6 274.459 495.893
2456776.276727647 255724.4 274.42 495.87
2456776.297159139 255939.2 274.357 495.825
2456776.317590732 252132.1 275.139 496.404
2456776.338022424 256077.3 275.248 496.479
2456776.358454017 255943.2 275.247 496.4
2456776.378885509 255662.5 275.175 496.354
2456776.399317202 255612.3 275.145 496.323
2456776.419748794 255715.9 275.103 496.292
2456776.440180287 255414.9 275.005 496.3
2456776.46061198 255677.4 274.938 496.255
2456776.481043573 255952.2 274.906 496.216
2456776.501475265 256070.3 274.86 496.188
2456776.521906758 256220.4 274.808 496.162
2456776.542338351 256106.6 274.749 496.091
2456776.562770044 255691.7 274.705 496.059
2456776.583201537 255389.3 274.652 496.023
2456776.60363313 255202.8 274.602 495.981
2456776.624064824 255298.6 274.525 495.93
2456776.644496317 255357.1 274.476 495.901
2456776.66492791 255495.0 274.432 495.866
2456776.685359603 255616.0 274.372 495.831
2456776.705791097 255923.8 274.311 495.802
2456776.72622279 256123.6 274.263 495.776
2456776.746654383 256174.1 274.215 495.75
2456776.767085877 255492.8 274.142 495.689
2456776.78751757 255038.9 274.087 495.658
2456776.807949064 252568.3 274.704 496.091
2456776.828380657 255866.5 274.747 496.098
2456776.848812351 255325.8 274.672 496.035
2456776.869243845 255040.2 274.617 495.991
2456776.889675439 254964.8 274.562 495.947
2456776.910107133 255196.1 274.487 495.905
2456776.930538727 255267.3 274.428 495.869
2456776.950970221 255423.1 274.392 495.838
2456776.971401914 255542.6 274.336 495.814
2456776.991833509 255945.0 274.256 495.777
2456777.012265103 256057.1 274.207 495.738
2456777.032696697 255487.5 274.143 495.708
2456777.053128291 249039.2 274.973 496.278
2456777.073559985 255101.0 275.144 496.322
2456777.09399148 255199.2 275.084 496.282
2456777.114423074 254978.1 274.986 496.281
2456777.134854769 255418.3 274.912 496.222
2456777.155286264 255649.9 274.854 496.182
2456777.175717858 255849.9 274.805 496.145
2456777.196149553 255462.8 274.733 496.085
2456777.216581048 254988.4 274.665 496.027
2456777.237012742 254728.7 274.613 495.996
2456777.257444337 254714.9 274.567 495.948
2456777.277875832 254886.0 274.48 495.902
2456777.318739122 254948.8 275.18 496.355
2456777.339170717 254877.0 275.151 496.338
2456777.359602312 254826.3 275.116 496.318
2456777.380033907 255005.0 275.103 496.286
2456777.400465502 255049.3 275.078 496.264
2456777.420897098 254844.7 274.987 496.265
2456777.441328693 255003.9 274.946 496.247
2456777.461760289 255169.0 274.915 496.218
2456777.482191884 255316.7 274.869 496.197
2456777.50262348 255482.2 274.816 496.162
2456777.523055075 255569.9 274.783 496.139
2456777.543486671 253564.8 275.109 496.363
2456777.563918266 255125.2 275.267 496.411
2456777.584349962 254959.8 275.232 496.379
2456777.604781458 254827.4 275.192 496.36
2456777.625213054 254676.0 275.122 496.317
2456777.64564475 254923.2 275.1 496.276
2456777.666076246 254635.0 275.016 496.289
2456777.686507942 254753.6 274.953 496.258
2456777.706939538 255066.9 274.901 496.221
2456777.727371035 255263.0 274.855 496.185
2456777.747802731 255472.4 274.83 496.161
2456777.768234327 255427.9 274.762 496.097
2456777.788665824 253979.1 275.135 496.398
2456777.80909752 254797.4 275.2 496.361
2456777.829529117 254593.0 275.139 496.336
2456777.849960614 254763.1 275.101 496.286
2456777.87039231 254587.0 275.017 496.288
2456777.890823907 254807.2 274.972 496.254
2456777.911255504 255113.0 274.894 496.217
2456777.931687101 255960.4 274.848 496.171
2456777.952118698 255501.0 274.816 496.15
2456777.972550394 255221.1 274.743 496.09
2456777.992981992 254792.9 274.692 496.055
2456778.013413489 254546.5 274.645 496.02
2456778.033845186 254124.1 274.996 496.267
2456778.054276783 254526.3 275.01 496.297
2456778.074708281 254756.4 274.967 496.258
2456778.095139978 254898.7 274.926 496.239
2456778.115571576 255235.3 274.854 496.187
2456778.136003073 255480.5 274.822 496.147
2456778.156434771 255610.2 274.779 496.118
2456778.176866268 254911.7 274.709 496.052
2456778.197297966 254616.9 274.659 496.029
2456778.217729564 254463.2 274.611 495.985
2456778.238161062 254535.1 274.544 495.928
2456778.25859276 254670.1 274.5 495.905
2456778.279024358 253794.5 274.981 496.28
2456778.299455856 254615.2 274.995 496.278
2456778.319887554 254877.1 274.936 496.241
2456778.340319152 255151.5 274.88 496.202
2456778.360750651 255441.1 274.818 496.156
2456778.381182349 255425.8 274.762 496.099
2456778.401613947 254976.5 274.72 496.059
2456778.422045646 254656.0 274.657 496.016
2456778.442477145 254489.4 274.576 495.959
2456778.462908743 254536.5 274.546 495.938
2456778.483340442 254722.2 274.479 495.893
2456778.503771941 254913.2 274.411 495.848
2456778.52420354 252904.1 275.068 496.338
2456778.544635239 254798.3 275.183 496.347
2456778.565066838 254963.7 275.105 496.283
2456778.585498337 254634.9 274.992 496.289
2456778.605930036 254975.2 274.953 496.248
2456778.626361636 255497.7 274.867 496.18
2456778.646793235 255655.1 274.805 496.147
2456778.667224834 255634.5 274.765 496.106
2456778.687656434 254932.1 274.681 496.03
2456778.708088133 254772.5 274.626 495.993
2456778.728519633 254641.3 274.582 495.957
2456778.748951233 254932.8 274.497 495.902
2456778.769382932 253254.7 275.14 496.399
2456778.789814432 255202.6 275.251 496.386
2456778.810246032 254986.5 275.166 496.333
2456778.830677632 255070.0 275.118 496.294
2456778.851109232 254831.5 275.016 496.298
2456778.871540932 255286.8 274.927 496.231
2456778.891972432 255557.8 274.881 496.195
2456778.912404033 255819.8 274.82 496.148
2456778.932835733 255625.2 274.745 496.086
2456778.953267234 255205.9 274.691 496.037
2456778.973698834 254961.8 274.634 495.996
2456778.994130535 254883.7 274.557 495.936
2456779.014562035 252431.1 275.244 496.467
2456779.034993636 256354.7 275.36 496.569
2456779.055425337 255862.2 275.291 496.51
2456779.075856938 255974.2 275.292 496.443
2456779.096288539 255401.7 275.238 496.383
2456779.11672014 255181.1 275.155 496.319
2456779.137151741 255352.9 275.102 496.281
2456779.157583343 255207.7 274.989 496.268
2456779.178014944 255733.7 274.895 496.209
2456779.198446545 256009.5 274.849 496.162
2456779.218878247 256129.2 274.774 496.115
2456779.239309749 255476.9 274.701 496.041
2456779.280173052 255856.5 275.3 496.493
2456779.300604554 255838.2 275.264 496.492
2456779.321036255 255631.2 275.244 496.469
2456779.341467858 255661.9 275.26 496.403
2456779.36189936 255511.2 275.232 496.373
2456779.382331062 255472.8 275.203 496.34
2456779.402762664 255374.7 275.153 496.32
2456779.423194166 255397.2 275.112 496.295
2456779.443625869 255126.8 275.032 496.321
2456779.464057471 255411.9 274.993 496.273
2456779.484488974 255547.3 274.971 496.252
2456779.504920675 255712.0 274.949 496.23
2456779.525352178 256152.1 274.913 496.187
2456779.545783881 256066.8 274.859 496.181
2456779.566215484 256354.9 274.835 496.147
2456779.586647087 256249.8 274.774 496.122
2456779.60707869 256046.8 274.746 496.095
2456779.627510293 255881.5 274.722 496.04
2456779.647941897 255554.0 274.661 496.016
2456779.6683735 255455.7 274.63 495.988
2456779.688805103 255214.6 274.578 495.963
2456779.709236707 255412.2 274.536 495.924
2456779.72966831 255575.9 274.542 495.906
2456779.750099914 255002.0 274.988 496.268
2456779.770531618 255534.0 275.002 496.283
2456779.790963222 255746.4 274.976 496.255
2456779.811394725 255983.0 274.926 496.227
2456779.831826429 256339.9 274.903 496.191
2456779.852258034 256407.5 274.859 496.17
2456779.872689538 256643.7 274.81 496.13
2456779.893121242 256334.7 274.756 496.101
2456779.913552846 256040.7 274.731 496.08
2456779.933984351 255688.4 274.679 496.023
2456779.954416056 255746.3 274.676 495.993
2456779.97484766 255627.6 274.622 495.971
2456779.995279365 254957.0 275.171 496.415
2456780.01571087 256106.4 275.268 496.401
2456780.036142475 256069.4 275.254 496.388
2456780.05657418 255934.5 275.201 496.342
2456780.077005685 255756.3 275.16 496.331
2456780.09743729 255898.6 275.132 496.295
2456780.117868895 256249.7 275.084 496.238
2456780.1383005 255891.6 274.996 496.265
2456780.158732106 256097.8 274.95 496.236
2456780.179163811 256505.5 274.885 496.184
2456780.199595317 256679.6 274.846 496.159
2456780.220027023 256966.5 274.809 496.118
2456780.240458629 256059.5 274.886 496.186
2456780.260890135 256570.1 274.881 496.184
2456780.28132184 256861.3 274.812 496.137
2456780.301753446 256711.8 274.764 496.094
2456780.322184953 256253.0 274.72 496.053
2456780.342616659 255957.8 274.654 496.0
2456780.363048265 255823.8 274.612 495.97
2456780.383479772 255771.2 274.573 495.936
2456780.403911478 256073.0 274.5 495.89
2456780.424343085 256053.1 274.457 495.874
2456780.444774792 256154.3 274.416 495.851
2456780.465206299 256430.1 274.364 495.806
2456780.485637906 255847.2 274.856 496.156
2456780.506069613 256822.9 274.869 496.165
2456780.52650112 257124.5 274.795 496.112
2456780.546932727 256616.3 274.738 496.072
2456780.567364434 256031.2 274.659 496.009
2456780.587795942 255899.7 274.601 495.959
2456780.608227549 255905.9 274.564 495.938
2456780.628659257 256170.5 274.508 495.893
2456780.649090765 256157.0 274.449 495.871
2456780.669522472 256360.3 274.411 495.835
2456780.68995408 256658.4 274.35 495.796
2456780.710385688 256912.2 274.295 495.781
2456780.730817297 254764.4 274.956 496.243
2456780.751248905 256253.3 274.985 496.256
2456780.771680513 256537.8 274.929 496.223
2456780.792112121 256936.7 274.865 496.171
2456780.81254373 257256.7 274.814 496.119
2456780.832975338 257015.3 274.763 496.086
2456780.853406947 256325.8 274.688 496.038
2456780.873838556 256219.9 274.65 495.986
2456780.894270164 255969.4 274.587 495.952
2456780.914701774 256237.7 274.517 495.903
2456780.935133383 256396.6 274.473 495.867
2456780.955565092 256434.4 274.401 495.838
2456780.975996601 253814.8 275.157 496.395
2456780.99642821 257036.8 275.289 496.428
2456781.01685992 256375.6 275.208 496.353
2456781.037291429 256302.7 275.165 496.307
2456781.057723039 256483.4 275.119 496.274
2456781.078154749 256262.5 274.996 496.269
2456781.098586259 256567.2 274.958 496.233
2456781.119017969 256839.6 274.901 496.202
2456781.139449579 257218.6 274.851 496.149
2456781.159881089 257401.0 274.804 496.12
2456781.180312799 256829.2 274.736 496.063
2456781.20074441 256504.7 274.686 496.016
2456781.241607631 256654.7 275.0 496.226
2456781.262039242 256414.8 275.005 496.259
2456781.282470853 256478.7 274.969 496.242
2456781.302902463 256679.3 274.938 496.225
2456781.323334075 256799.9 274.925 496.213
2456781.343765785 257062.8 274.89 496.183
2456781.364197297 257232.3 274.86 496.157
2456781.384628908 257571.1 274.836 496.143
2456781.40506062 257372.7 274.785 496.11
2456781.425492231 256900.2 274.748 496.09
2456781.445923743 256810.7 274.731 496.052
2456781.466355455 255619.9 275.091 496.333
2456781.486786966 256525.9 275.186 496.316
2456781.507218678 256616.6 275.153 496.27
2456781.52765029 256147.4 275.041 496.298
2456781.548081902 256334.9 275.016 496.28
2456781.568513515 256596.0 274.963 496.244
2456781.588945127 256733.0 274.929 496.224
2456781.60937664 256997.4 274.913 496.197
2456781.629808352 257212.4 274.883 496.17
2456781.650239965 257307.1 274.854 496.151
2456781.670671478 257476.8 274.805 496.117
2456781.691103191 257225.7 274.762 496.093
2456781.711534804 256080.7 274.942 496.21
2456781.731966517 257128.7 274.915 496.188
2456781.75239803 257322.9 274.862 496.154
2456781.772829643 257463.5 274.829 496.13
2456781.793261357 257326.5 274.77 496.089
2456781.813692871 256931.0 274.742 496.069
2456781.834124484 256712.1 274.718 496.035
2456781.854556198 256444.5 274.657 495.997
2456781.874987712 256324.6 274.627 495.976
2456781.895419326 256206.1 274.57 495.943
2456781.91585104 256431.7 274.532 495.908
2456781.936282654 256507.2 274.512 495.881
2456781.956714269 256504.5 274.918 496.185
2456781.977145883 256963.4 274.929 496.207
2456781.997577498 257250.5 274.878 496.171
2456782.018009113 257498.2 274.811 496.125
2456782.038440727 257475.8 274.782 496.099
2456782.058872342 256793.6 274.718 496.044
2456782.079304057 256360.0 274.654 496.003
2456782.099735572 256205.2 274.604 495.965
2456782.120167187 256517.7 274.542 495.892
2456782.140598903 256625.8 274.488 495.874
2456782.161030419 256751.0 274.43 495.834
2456782.181462134 256900.5 274.358 495.809
2456782.20189375 256190.8 274.822 496.146
2456782.222325265 257439.5 274.851 496.135
2456782.242756981 257515.8 274.787 496.097
2456782.263188498 256995.3 274.736 496.051
2456782.283620114 256466.8 274.666 496.007
2456782.30405183 256288.2 274.616 495.967
2456782.324483347 256399.4 274.559 495.919
2456782.344915063 256599.4 274.483 495.875
2456782.365346679 256586.0 274.436 495.853
2456782.385778196 256860.9 274.386 495.807
2456782.406209913 257160.6 274.325 495.78
2456782.42664153 257372.4 274.274 495.758
2456782.447073147 255369.8 274.685 496.03
2456782.467504764 256902.0 274.729 496.048
2456782.487936382 256473.9 274.671 495.996
2456782.508367999 256308.9 274.595 495.943
2456782.528799617 256380.8 274.542 495.911
2456782.549231234 256526.6 274.487 495.884
2456782.569662952 256719.5 274.42 495.833
2456782.59009457 256858.5 274.371 495.811
2456782.610526088 257229.8 274.306 495.772
2456782.630957806 257366.5 274.266 495.751
2456782.651389425 257058.6 274.198 495.708
2456782.671820943 256418.3 274.134 495.667
2456782.692252662 247744.5 275.224 496.439
2456782.71268428 257651.3 275.379 496.547
2456782.733115799 257181.7 275.316 496.511
2456782.753547518 256812.4 275.266 496.474
2456782.773979137 256602.6 275.254 496.371
2456782.794410856 256485.4 275.208 496.33
2456782.814842375 256392.3 275.149 496.293
2456782.835273995 256199.5 275.03 496.286
2456782.855705714 256488.8 274.98 496.245
2456782.876137233 256966.3 274.912 496.192
2456782.896568753 257243.8 274.857 496.145
2456782.917000473 257305.3 274.782 496.095
2456782.937432093 254591.2 275.227 496.437
2456782.957863713 257712.7 275.415 496.578
2456782.978295333 257212.1 275.342 496.527
2456782.998726954 256741.0 275.274 496.484
2456783.019158674 256281.8 275.224 496.43
2456783.039590195 256216.2 275.191 496.325
2456783.060021815 256299.2 275.135 496.283
2456783.080453536 256163.4 275.001 496.257
2456783.100885157 256737.3 274.924 496.196
2456783.121316678 257043.8 274.859 496.151
2456783.141748399 256924.8 274.766 496.08
2456783.162180021 256226.7 274.698 496.024
2456783.203043264 256478.0 274.925 496.201
2456783.223474885 256533.4 274.928 496.209
2456783.243906607 256645.5 274.881 496.183
2456783.264338129 256755.9 274.833 496.159
2456783.284769751 256996.9 274.837 496.131
2456783.305201474 257154.8 274.794 496.091
2456783.325632996 257007.3 274.788 496.061
2456783.346064618 256414.1 274.743 496.04
2456783.366496341 255969.6 274.683 496.01
2456783.386927864 255855.5 274.65 495.993
2456783.407359586 255677.3 274.595 495.953
2456783.427791209 255887.5 274.886 496.166
2456783.448222732 256546.0 274.904 496.183
2456783.468654456 256787.0 274.848 496.141
2456783.489086079 256910.0 274.817 496.118
2456783.509517603 256412.9 274.755 496.077
2456783.529949326 255994.3 274.713 496.056
2456783.55038085 255984.2 274.704 496.026
2456783.570812574 255715.8 274.636 495.965
2456783.591244197 255661.0 274.617 495.938
2456783.611675722 255629.3 274.552 495.909
2456783.632107446 255889.4 274.499 495.875
2456783.65253907 255827.3 274.453 495.857
2456783.672970695 253210.5 275.141 496.37
2456783.693402319 255816.3 275.223 496.448
2456783.713833944 255872.6 275.261 496.367
2456783.734265569 255776.0 275.209 496.323
2456783.754697194 255646.9 275.165 496.301
2456783.775128819 255901.2 275.113 496.255
2456783.795560544 255590.7 275.004 496.263
2456783.81599217 255741.2 274.968 496.235
2456783.836423696 256327.4 274.912 496.178
2456783.856855421 256512.8 274.872 496.143
2456783.877287047 256599.2 274.81 496.118
2456783.897718573 256184.6 274.754 496.068
2456783.918150299 255240.8 275.268 496.47
2456783.938581925 255977.7 275.275 496.477
2456783.959013452 255663.4 275.251 496.444
2456783.979445178 255627.6 275.243 496.361
2456783.999876805 255458.2 275.183 496.325
2456784.020308531 255549.3 275.125 496.276
2456784.040740058 255294.8 275.026 496.279
2456784.061171685 255696.5 274.998 496.228
2456784.081603413 255871.3 274.951 496.207
2456784.10203494 256136.4 274.882 496.168
2456784.122466567 256297.1 274.831 496.135
2456784.142898295 256317.5 274.783 496.088
2456784.163329822 254769.0 275.237 496.44
2456784.18376145 255619.8 275.263 496.46
2456784.204193078 255456.0 275.243 496.371
2456784.224624706 255359.9 275.2 496.325
2456784.245056435 255410.0 275.163 496.282
2456784.265487963 255582.3 275.093 496.244
2456784.285919591 255332.4 274.992 496.245
2456784.30635132 255733.5 274.923 496.201
2456784.326782949 256002.2 274.863 496.16
2456784.347214478 256290.9 274.828 496.115
2456784.367646207 255836.7 274.751 496.053
2456784.388077836 255379.4 274.706 496.023
2456784.408509465 254377.9 275.184 496.403
2456784.428941095 255391.8 275.255 496.366
2456784.449372725 255225.7 275.209 496.328
2456784.469804454 255219.5 275.138 496.28
2456784.490235984 254954.2 275.027 496.283
2456784.510667614 255275.0 274.98 496.229
2456784.531099344 255742.9 274.91 496.185
2456784.551530875 255989.1 274.853 496.143
2456784.571962505 255964.7 274.784 496.107
2456784.592394236 255489.4 274.734 496.041
2456784.612825767 255207.1 274.692 496.007
2456784.633257497 254899.6 274.615 495.953
2456784.653689128 254238.3 275.035 496.281
2456784.674120659 255304.1 275.098 496.245
2456784.694552391 255143.2 274.98 496.24
2456784.714984022 255502.6 274.915 496.196
2456784.735415654 255938.1 274.85 496.133
2456784.755847286 255919.8 274.784 496.092
2456784.776278917 255216.4 274.719 496.031
2456784.796710549 254791.4 274.649 495.986
2456784.817142182 254698.2 274.598 495.944
2456784.837573814 254956.0 274.516 495.883
2456784.858005446 255099.4 274.451 495.843
2456784.878437079 255260.0 274.368 495.804
2456784.898868712 252121.7 275.102 496.333
2456784.919300344 254925.3 275.205 496.333
2456784.939731977 254940.4 275.133 496.276
2456784.960163611 254827.6 275.014 496.259
2456784.980595344 255210.0 274.949 496.216
2456785.001026877 255615.2 274.869 496.157
2456785.021458611 255849.8 274.826 496.117
2456785.041890244 255268.2 274.738 496.048
2456785.062321778 254763.9 274.67 495.999
2456785.082753513 254582.1 274.607 495.946
2456785.103185147 254692.9 274.529 495.902
2456785.123616681 254880.5 274.471 495.86
2456785.16448005 251599.9 275.044 496.309
2456785.184911585 254657.7 275.209 496.343
2456785.20534332 254679.4 275.182 496.296
2456785.225774955 254191.0 275.095 496.32
2456785.24620669 254509.3 275.05 496.269
2456785.266638225 254795.4 275.003 496.237
2456785.287069861 254972.7 274.932 496.21
2456785.307501596 255390.1 274.886 496.162
2456785.327933132 255329.4 274.842 496.145
2456785.348364768 255605.8 274.793 496.097
2456785.368796504 255106.4 274.748 496.05
2456785.38922804 253911.6 275.216 496.425
2456785.409659677 254724.5 275.266 496.382
2456785.430091413 254462.7 275.215 496.357
2456785.45052305 254414.6 275.16 496.294
2456785.470954687 254550.7 275.13 496.273
2456785.491386324 254319.7 275.046 496.258
2456785.511817961 254719.3 274.959 496.213
2456785.532249598 255068.0 274.916 496.181
2456785.552681236 255376.0 274.831 496.12
2456785.573112773 255292.5 274.786 496.089
2456785.593544511 254661.8 274.73 496.055
2456785.613976149 254211.0 274.658 495.988
2456785.634407787 252692.7 275.031 496.275
2456785.654839425 254601.6 275.121 496.242
2456785.675271064 254275.4 275.001 496.254
2456785.695702802 254566.5 274.96 496.217
2456785.716134341 254908.6 274.881 496.171
2456785.736565979 255203.6 274.851 496.129
2456785.756997718 255312.2 274.801 496.093
2456785.777429258 254540.7 274.729 496.043
2456785.797860897 254150.1 274.671 496.003
2456785.818292636 253949.3 274.611 495.951
2456785.838724175 253947.6 274.573 495.927
2456785.859155915 254061.8 274.532 495.891
2456785.879587555 252591.4 275.163 496.37
2456785.900019095 254266.1 275.252 496.37
2456785.920450835 254067.8 275.173 496.303
2456785.940882476 254129.6 275.11 496.272
2456785.961314116 254195.7 275.001 496.231
2456785.981745757 254549.2 274.946 496.195
2456786.002177398 254748.4 274.906 496.17
2456786.022609039 255126.5 274.813 496.107
2456786.04304068 254686.5 274.763 496.083
2456786.063472321 254295.9 274.728 496.04
2456786.083904062 254057.7 274.679 495.995
2456786.104335704 253756.7 274.622 495.962
2456786.124767246 253113.8 275.246 496.45
2456786.145198988 254343.8 275.276 496.471
2456786.16563063 253913.5 275.229 496.412
2456786.186062172 253943.6 275.189 496.312
2456786.206493914 254074.9 275.135 496.263
2456786.226925457 253967.7 274.997 496.251
2456786.247357199 254413.3 274.92 496.198
2456786.267788842 254727.2 274.859 496.144
2456786.288220386 254913.7 274.788 496.08
2456786.308652129 254356.2 274.736 496.042
2456786.329083772 253835.7 274.667 495.995
2456786.349515315 253681.8 274.623 495.963
2456786.369947059 253465.1 274.98 496.23
2456786.390378703 254113.3 274.962 496.221
2456786.410810247 254517.5 274.914 496.18
2456786.431241991 254853.3 274.823 496.117
2456786.451673635 254207.2 274.738 496.056
2456786.47210538 253873.8 274.68 495.989
2456786.492536924 253523.8 274.576 495.937
2456786.512968569 253880.7 274.522 495.879
2456786.533400314 253886.5 274.437 495.839
2456786.553831859 254338.4 274.363 495.783
2456786.574263504 254744.2 274.291 495.757
2456786.59469525 254611.5 274.211 495.709
2456786.615126895 252737.9 274.801 496.107
2456786.635558541 254937.4 274.81 496.102
2456786.655990187 254234.6 274.736 496.048
2456786.676421833 253735.0 274.662 495.985
2456786.696853479 253622.7 274.584 495.924
2456786.717285126 253769.3 274.516 495.889
2456786.737716772 253973.1 274.435 495.837
2456786.758148519 254182.0 274.388 495.796
2456786.778580065 254428.0 274.325 495.783
2456786.799011712 254789.4 274.269 495.734
2456786.81944336 254653.1 274.214 495.711
2456786.839875007 253873.3 274.145 495.665
2456786.860306755 246493.3 274.695 496.029
2456786.880738303 254706.6 274.846 496.137
2456786.90116995 254903.0 274.792 496.085
2456786.921601698 254114.5 274.717 496.019
2456786.942033247 253720.5 274.632 495.97
2456786.962464895 253697.9 274.571 495.918
2456786.982896643 253995.7 274.498 495.87
2456787.003328192 254182.2 274.408 495.815
2456787.023759841 254513.9 274.339 495.78
2456787.04419159 254863.8 274.257 495.735
2456787.064623139 254531.6 274.196 495.698
2456787.085054888 253723.7 274.124 495.643
2456787.125918188 254086.9 275.254 496.36
2456787.146349838 253972.4 275.21 496.342
2456787.166781487 253881.5 275.185 496.33
2456787.187213138 253929.5 275.161 496.292
2456787.207644788 254161.7 275.115 496.257
2456787.228076438 254416.8 275.105 496.231
2456787.248508189 254186.0 275.001 496.226
2456787.26893974 254639.3 274.965 496.185
2456787.289371391 254732.0 274.899 496.169
2456787.309803143 254953.1 274.851 496.137
2456787.330234794 255188.0 274.822 496.108
2456787.350666346 253337.2 275.046 496.288
2456787.371098097 254278.0 275.125 496.262
2456787.391529749 253918.7 275.031 496.278
2456787.411961301 254339.4 274.983 496.229
2456787.432393053 254671.1 274.932 496.197
2456787.452824706 254794.2 274.864 496.159
2456787.473256358 255205.7 274.849 496.125
2456787.493688011 255339.9 274.802 496.089
2456787.514119664 254838.2 274.754 496.055
2456787.534551417 254671.6 274.732 496.02
2456787.55498297 254174.1 274.659 495.973
2456787.575414624 254099.5 274.618 495.952
2456787.595846277 254506.7 274.865 496.145
2456787.616277931 255215.4 274.849 496.136
2456787.636709685 255322.0 274.806 496.114
2456787.657141239 254949.8 274.764 496.045
2456787.677572893 254594.4 274.714 496.021
2456787.698004648 254277.0 274.657 495.978
2456787.718436203 254153.6 274.601 495.943
2456787.738867857 254182.6 274.557 495.917
2456787.759299613 254557.9 274.511 495.864
2456787.779731167 254623.1 274.462 495.841
2456787.800162823 254803.6 274.39 495.804
2456787.820594579 255079.3 274.336 495.775
2456787.841026234 253483.3 274.834 496.125
2456787.86145789 255332.2 274.86 496.145
2456787.881889546 255552.0 274.82 496.107
2456787.902321202 255199.3 274.763 496.058
2456787.922752859 254731.3 274.705 496.011
2456787.943184515 254483.5 274.651 495.984
2456787.963616172 254357.4 274.587 495.934
2456787.984047929 254470.3 274.546 495.914
2456788.004479486 254789.5 274.486 495.852
2456788.024911143 254956.1 274.441 495.817
2456788.045342901 255104.6 274.368 495.787
2456788.065774458 255517.8 274.303 495.763
2456788.086206216 251976.1 274.996 496.251
2456788.106637874 254994.5 275.122 496.256
2456788.127069432 254762.2 275.013 496.254
2456788.147501191 255032.5 274.948 496.217
2456788.167932849 255548.3 274.884 496.16
2456788.188364408 255856.7 274.843 496.119
2456788.208796167 255689.4 274.772 496.051
2456788.229227726 255097.6 274.712 496.017
2456788.249659485 254811.4 274.649 495.971
2456788.270091145 254697.3 274.582 495.927
2456788.290522704 254891.5 274.532 495.893
2456788.310954464 255144.8 274.468 495.844
2456788.331386124 254998.1 274.754 496.052
2456788.351817784 255434.8 274.735 496.042
2456788.372249444 255009.1 274.674 495.991
2456788.392681105 254847.3 274.617 495.95
2456788.413112766 255034.0 274.55 495.894
2456788.433544427 255207.8 274.496 495.867
2456788.453976088 255251.0 274.446 495.839
2456788.474407849 255544.6 274.378 495.797
2456788.49483951 255817.5 274.335 495.768
2456788.515271072 256142.7 274.26 495.736
2456788.535702834 255970.7 274.209 495.708
2456788.556134495 255230.5 274.145 495.658
2456788.576566058 250777.1 274.748 496.072
2456788.59699782 256227.7 274.867 496.131
2456788.617429483 256249.8 274.785 496.079
2456788.637861245 255615.4 274.726 496.031
2456788.658292808 255150.6 274.639 495.972
2456788.678724471 255163.9 274.58 495.926
2456788.699156235 255416.0 274.502 495.882
2456788.719587798 255560.0 274.447 495.842
2456788.740019462 255830.5 274.368 495.8
2456788.760451226 256353.5 274.298 495.759
2456788.780882789 256405.2 274.255 495.738
2456788.801314454 255705.6 274.162 495.681
2456788.821746218 252838.9 274.76 496.081
2456788.842177783 256661.0 274.841 496.127
2456788.862609547 255999.4 274.737 496.037
2456788.883041112 255626.5 274.684 495.995
2456788.903472777 255462.9 274.587 495.922
2456788.923904542 255681.5 274.52 495.881
2456788.944336108 255876.9 274.438 495.834
2456788.964767774 256207.0 274.371 495.785
2456788.985199539 256551.1 274.304 495.757
2456789.005631206 256658.3 274.226 495.713
2456789.026062872 255921.2 274.16 495.674
2456789.046494538 255057.3 274.079 495.595
2456789.087357872 256130.1 274.966 496.201
2456789.107789539 256477.2 274.957 496.17
2456789.128221206 256569.6 274.897 496.169
2456789.148652973 256916.1 274.834 496.116
2456789.169084541 256983.4 274.804 496.103
2456789.189516209 256579.6 274.757 496.053
2456789.209947976 256242.1 274.726 496.029
2456789.230379545 255988.3 274.69 496.0
2456789.250811313 255907.2 274.636 495.951
2456789.271242981 255740.5 274.595 495.933
2456789.29167455 255888.9 274.521 495.898
2456789.312106319 253612.7 274.749 496.053
2456789.332537988 257052.5 274.788 496.08
2456789.352969558 256584.8 274.742 496.037
2456789.373401327 256226.7 274.707 496.001
2456789.393832996 256086.2 274.666 495.95
2456789.414264766 255969.9 274.608 495.93
2456789.434696336 255991.7 274.547 495.908
2456789.455128007 256311.3 274.506 495.868
2456789.475559777 256252.7 274.455 495.85
2456789.495991347 256472.9 274.417 495.812
2456789.516423018 256676.1 274.382 495.782
2456789.536854689 257073.9 274.31 495.756
2456789.55728636 253847.6 274.839 496.12
2456789.577718032 256795.0 274.951 496.196
2456789.598149703 257065.2 274.901 496.163
2456789.618581375 257209.1 274.846 496.135
2456789.639013147 257505.0 274.805 496.087
2456789.65944472 257144.4 274.767 496.04
2456789.679876392 256320.1 274.677 495.992
2456789.700308164 256273.4 274.64 495.963
2456789.720739837 256250.0 274.578 495.914
2456789.74117141 256466.6 274.521 495.882
2456789.761603183 256657.3 274.493 495.847
2456789.782034856 256743.3 274.399 495.815
2456789.80246643 254960.5 274.838 496.129
2456789.822898204 257204.8 274.891 496.158
2456789.843329878 257584.8 274.84 496.113
2456789.863761652 257340.3 274.779 496.087
2456789.884193226 256777.3 274.715 496.013
2456789.904624901 256669.8 274.683 495.978
2456789.925056675 256436.8 274.616 495.927
2456789.94548825 256537.2 274.55 495.897
2456789.965919925 256818.5 274.487 495.854
2456789.9863517 256814.5 274.435 495.828
2456790.006783276 257022.0 274.391 495.796
2456790.027215052 257434.8 274.321 495.762
2456790.047646728 253414.4 274.885 496.158
2456790.068078304 256796.2 274.991 496.234
2456790.08851008 257091.5 274.95 496.2
2456790.108941757 257432.2 274.912 496.164
2456790.129373333 257759.4 274.847 496.113
2456790.14980511 257884.5 274.804 496.079
2456790.170236787 257045.8 274.724 496.018
2456790.190668465 256757.4 274.687 495.992
2456790.211100142 256438.1 274.603 495.946
2456790.23153182 256663.1 274.57 495.896
2456790.251963498 256893.7 274.498 495.862
2456790.272395176 257048.6 274.43 495.817
2456790.292826854 255391.8 274.713 496.024
2456790.313258532 256956.9 274.712 496.01
2456790.333690211 256753.2 274.663 495.975
2456790.35412189 256600.0 274.609 495.932
2456790.374553669 256842.6 274.534 495.878
2456790.394985248 256893.2 274.475 495.856
2456790.415417028 257201.1 274.415 495.8
2456790.435848708 257340.7 274.361 495.781
2456790.456280288 257812.6 274.285 495.745
2456790.476712068 257782.0 274.229 495.713
2456790.497143748 257149.9 274.182 495.675
2456790.517575329 256488.0 274.124 495.618
2456790.538007109 251654.5 274.674 496.0
2456790.55843879 257900.6 274.794 496.073
2456790.578870571 257267.5 274.737 496.032
2456790.599302153 256800.0 274.653 495.965
2456790.619733834 256647.7 274.616 495.943
2456790.640165616 256801.6 274.539 495.888
2456790.660597198 257084.5 274.477 495.842
2456790.68102888 257094.9 274.421 495.82
2456790.701460662 257426.4 274.362 495.773
2456790.721892245 257715.7 274.313 495.754
2456790.742323928 257814.4 274.24 495.72
2456790.762755711 257407.4 274.206 495.685
2456790.783187394 253753.9 274.849 496.125
2456790.803619077 257119.4 274.985 496.214
2456790.824050761 257577.8 274.925 496.169
2456790.844482445 257782.7 274.849 496.126
2456790.864914129 257969.3 274.799 496.076
2456790.885345813 257152.8 274.722 496.019
2456790.905777398 256835.9 274.678 495.986
2456790.926209182 256681.4 274.607 495.924
2456790.946640867 256803.6 274.549 495.894
2456790.967072552 257011.2 274.468 495.845
2456790.987504237 257178.5 274.43 495.808
2456791.007935923 257349.5 274.365 495.78
2456791.048799295 257470.2 274.934 496.177
2456791.069230981 257880.6 274.841 496.111
2456791.089662767 257580.4 274.776 496.076
2456791.110094353 257099.1 274.724 496.02
2456791.13052604 256683.0 274.664 495.993
2456791.150957827 256646.2 274.629 495.942
2456791.171389414 256705.7 274.589 495.911
2456791.191821202 256808.7 274.56 495.88
2456791.212252889 257015.0 274.486 495.843
2456791.232684477 257034.4 274.472 495.82
2456791.253116265 257181.8 274.392 495.804
2456791.273547953 250644.2 274.721 496.024
2456791.293979541 257757.4 274.871 496.133
2456791.31441133 257849.4 274.825 496.11
2456791.334843019 257728.4 274.795 496.084
2456791.355274808 257335.2 274.75 496.037
2456791.375706397 257021.9 274.713 496.003
2456791.396138087 256801.0 274.661 495.963
2456791.416569876 256630.8 274.625 495.946
2456791.437001466 256481.6 274.566 495.92
2456791.457433156 256744.1 274.547 495.891
2456791.477864947 256984.7 274.492 495.852
2456791.498296637 257043.9 274.454 495.825
2456791.518728228 255157.4 274.866 496.13
2456791.539160019 257369.9 274.946 496.179
2456791.55959161 257584.9 274.905 496.153
2456791.580023401 257927.0 274.854 496.101
2456791.600455093 257808.8 274.796 496.09
2456791.620886685 257459.0 274.765 496.051
2456791.641318477 256848.0 274.704 496.016
2456791.661750169 256675.2 274.688 495.982
2456791.682181762 256696.5 274.647 495.942
2456791.702613554 256497.2 274.598 495.928
2456791.723045247 256783.5 274.548 495.882
2456791.74347704 256846.0 274.503 495.87
2456791.763908634 256482.8 274.812 496.09
2456791.784340328 257509.3 274.891 496.153
2456791.804772121 257772.8 274.87 496.115
2456791.825203715 258182.2 274.817 496.081
2456791.845635409 257488.2 274.776 496.065
2456791.866067204 256970.9 274.722 496.012
2456791.886498799 256783.6 274.691 495.988
2456791.906930493 256527.2 274.638 495.957
2456791.927362288 256465.5 274.608 495.927
2456791.947793884 256551.4 274.547 495.894
2456791.968225679 256810.0 274.514 495.864
2456791.988657375 256883.8 274.456 495.834
2456792.009089071 255174.1 274.848 496.124
2456792.029520767 257248.8 274.921 496.175
2456792.049952463 257645.7 274.869 496.12
2456792.07038416 257828.4 274.841 496.096
2456792.090815857 257497.8 274.779 496.047
2456792.111247554 257019.5 274.735 496.02
2456792.131679351 256575.0 274.681 495.985
2456792.152111049 256459.4 274.638 495.952
2456792.172542647 256407.7 274.609 495.928
2456792.192974444 256492.8 274.559 495.896
2456792.213406043 256685.6 274.512 495.866
2456792.233837741 256790.0 274.464 495.836
2456792.254269539 255874.2 274.851 496.129
2456792.274701138 257400.3 274.905 496.142
2456792.295132937 257610.3 274.841 496.1
2456792.315564637 257532.0 274.794 496.068
2456792.335996236 256967.1 274.744 496.029
2456792.356428036 256471.6 274.701 496.01
2456792.376859736 256247.0 274.643 495.956
2456792.397291336 256324.0 274.625 495.931
2456792.417723136 256360.3 274.555 495.888
2456792.438154837 256378.2 274.514 495.871
2456792.458586438 256587.2 274.458 495.828
2456792.479018239 256711.8 274.403 495.797
2456792.49944994 256594.6 274.805 496.083
2456792.519881742 257443.8 274.805 496.078
2456792.540313343 256917.7 274.759 496.042
2456792.560745045 256360.7 274.694 495.988
2456792.581176847 256179.9 274.652 495.96
2456792.60160845 256050.0 274.593 495.916
2456792.622040152 256187.0 274.538 495.885
2456792.642471955 256359.4 274.492 495.854
2456792.662903658 256388.7 274.445 495.82
2456792.683335362 256494.5 274.402 495.794
2456792.703767065 256830.8 274.338 495.753
2456792.724198769 256970.2 274.295 495.746
2456792.744630473 250231.7 275.032 496.269
2456792.765062177 255886.3 275.234 496.398
2456792.785493881 256044.0 275.23 496.325
2456792.805925586 256021.7 275.172 496.277
2456792.826357291 256283.8 275.123 496.233
2456792.846788996 256021.7 275.012 496.232
2456792.867220801 256316.6 274.962 496.194
2456792.887652407 256790.8 274.888 496.139
2456792.908084213 256936.7 274.835 496.106
2456792.928515819 256548.3 274.767 496.04
2456792.948947525 256020.0 274.712 496.003
2456792.969379331 255713.6 274.658 495.959
2456793.010242645 256136.2 274.896 496.139
2456793.030674452 256710.1 274.881 496.127
2456793.051106059 256848.0 274.837 496.099
2456793.071537867 256264.5 274.758 496.06
2456793.091969575 255880.1 274.727 496.02
2456793.112401183 255416.1 274.652 495.974
2456793.132832991 255560.1 274.646 495.949
2456793.1532647 255233.9 274.599 495.925
2456793.173696309 255458.5 274.57 495.883
2456793.194128118 255700.0 274.54 495.852
2456793.214559827 255745.9 274.47 495.838
2456793.234991536 252043.8 275.047 496.275
2456793.255423246 255541.4 275.233 496.33
2456793.275854956 255502.8 275.214 496.308
2456793.296286766 255495.0 275.147 496.267
2456793.316718377 255713.0 275.131 496.239
2456793.337150088 255964.3 275.088 496.201
2456793.357581898 255615.4 274.986 496.215
2456793.378013609 255765.2 274.956 496.193
2456793.398445221 256002.1 274.904 496.167
2456793.418877032 256195.8 274.881 496.132
2456793.439308744 256553.7 274.831 496.09
2456793.459740556 256495.3 274.81 496.075
2456793.480172168 255316.2 274.953 496.176
2456793.500603881 255814.9 274.961 496.179
2456793.521035694 256038.1 274.922 496.149
2456793.541467307 256105.0 274.87 496.129
2456793.56189892 256328.8 274.828 496.097
2456793.582330734 255957.9 274.775 496.057
2456793.602762447 255675.6 274.756 496.047
2456793.623194261 255324.4 274.711 495.976
2456793.643625875 255059.1 274.665 495.965
2456793.66405759 254943.7 274.617 495.934
2456793.684489404 255040.2 274.566 495.895
2456793.704921019 255142.4 274.509 495.87
2456793.725352734 254702.4 274.8 496.075
2456793.74578455 256116.8 274.836 496.101
2456793.766216165 256059.4 274.795 496.062
2456793.786647881 255578.0 274.757 496.036
2456793.807079697 255097.4 274.702 495.988
2456793.827511313 254958.5 274.667 495.968
2456793.847943129 254724.7 274.614 495.934
2456793.868374846 254809.6 274.571 495.901
2456793.888806563 254969.7 274.542 495.871
2456793.90923828 255105.2 274.482 495.837
2456793.929669998 255141.0 274.457 495.82
2456793.950101716 255185.7 274.399 495.796
2456793.970533433 252545.4 275.019 496.25
2456793.990965152 254845.1 275.16 496.269
2456794.01139697 255100.4 275.136 496.232
2456794.031828689 254779.6 275.041 496.243
2456794.052260308 255075.3 274.987 496.2
2456794.072692127 255240.9 274.949 496.182
2456794.093123846 255505.7 274.893 496.145
2456794.113555466 255690.2 274.861 496.115
2456794.133987286 255744.6 274.804 496.071
2456794.154419006 255303.5 274.76 496.04
2456794.174850726 254681.0 274.697 495.992
2456794.195282447 254508.3 274.649 495.959
2456794.215714068 254688.2 274.949 496.176
2456794.236145888 255168.6 274.955 496.173
2456794.25657761 255377.8 274.914 496.147
2456794.277009232 255705.7 274.847 496.1
2456794.297441053 255604.8 274.813 496.09
2456794.317872775 254774.6 274.724 496.017
2456794.338304398 254561.2 274.693 495.986
2456794.35873622 254410.8 274.654 495.944
2456794.379167943 254383.1 274.597 495.911
2456794.399599766 254485.3 274.549 495.879
2456794.420031389 254633.3 274.492 495.85
2456794.440463113 254653.0 274.458 495.824
2456794.460894936 254663.1 274.798 496.07
2456794.48132656 255652.4 274.816 496.08
2456794.501758284 254835.7 274.743 496.024
2456794.522190109 254382.3 274.695 495.992
2456794.542621834 254237.7 274.647 495.941
2456794.563053559 254130.9 274.591 495.91
2456794.583485284 254364.5 274.526 495.873
2456794.603917009 254504.8 274.466 495.833
2456794.624348735 254633.4 274.43 495.799
2456794.644780461 254797.6 274.369 495.772
2456794.665212187 255118.6 274.321 495.738
2456794.685644014 255187.1 274.252 495.71
2456794.70607564 252476.5 274.79 496.084
2456794.726507367 255317.7 274.846 496.1
2456794.746939194 255279.7 274.802 496.068
2456794.767370822 254560.1 274.739 496.027
2456794.78780265 254185.3 274.68 495.968
2456794.808234377 253948.2 274.624 495.935
2456794.828666006 254130.5 274.555 495.882
2456794.849097834 254296.6 274.501 495.848
2456794.869529462 254360.4 274.418 495.809
2456794.889961191 254508.9 274.384 495.779
2456794.910393021 254999.8 274.309 495.737
2456794.93082465 255051.8 274.255 495.707
2456794.97168821 253982.4 274.964 496.194
2456794.99211984 254590.3 274.937 496.177
2456795.01255167 254795.3 274.879 496.138
2456795.032983401 255075.7 274.858 496.107
2456795.053415132 254908.2 274.791 496.065
2456795.073846863 254723.9 274.773 496.034
2456795.094278594 254076.2 274.705 495.995
2456795.114710426 253811.1 274.668 495.981
2456795.135142058 253585.9 274.617 495.946
2456795.15557379 253725.7 274.591 495.912
2456795.176005622 253873.8 274.562 495.88
2456795.196437255 254523.2 274.873 496.128
2456795.216868988 254778.8 274.882 496.098
2456795.237300821 255067.9 274.824 496.065
2456795.257732554 254735.0 274.786 496.053
2456795.278164188 254195.6 274.723 496.002
2456795.298596022 253928.6 274.691 495.983
2456795.319027756 253778.4 274.645 495.947
2456795.339459591 253646.5 274.608 495.926
2456795.359891226 253769.6 274.571 495.896
2456795.38032296 253907.0 274.533 495.866
2456795.400754795 254024.8 274.498 495.847
2456795.421186431 254040.1 274.447 495.82
2456795.441618166 252585.4 274.936 496.177
2456795.462050003 253878.5 274.973 496.219
2456795.482481638 254306.5 274.967 496.185
2456795.502913475 254568.6 274.927 496.154
2456795.523345112 254813.3 274.898 496.122
2456795.543776849 254937.2 274.861 496.091
2456795.564208686 254991.7 274.817 496.069
2456795.584640324 254368.5 274.762 496.047
2456795.605072061 253992.3 274.717 495.998
2456795.625503899 253720.0 274.679 495.984
2456795.645935537 253587.8 274.628 495.933
2456795.666367376 253586.2 274.601 495.915
2456795.686799115 253410.0 274.934 496.143
2456795.707230854 254171.6 274.967 496.189
2456795.727662593 254403.9 274.929 496.167
2456795.748094332 254750.0 274.878 496.115
2456795.768526072 254848.3 274.854 496.105
2456795.788957812 254691.6 274.795 496.068
2456795.809389553 254480.5 274.774 496.036
2456795.829821293 253983.1 274.723 496.003
2456795.850253134 253783.5 274.694 495.985
2456795.870684775 253627.7 274.646 495.943
2456795.891116616 253572.3 274.607 495.918
2456795.911548358 253614.3 274.559 495.892
2456795.931979999 253001.4 275.036 496.239
2456795.952411842 254046.2 275.137 496.233
2456795.972843584 253854.3 275.012 496.227
2456795.993275227 254046.1 274.989 496.203
2456796.01370707 254422.1 274.923 496.163
2456796.034138813 254599.1 274.891 496.136
2456796.054570656 254828.8 274.845 496.101
2456796.0750023 254988.5 274.814 496.06
2456796.095434044 254342.2 274.757 496.02
2456796.115865788 253843.8 274.695 495.979
2456796.136297532 253686.0 274.651 495.95
2456796.156729277 253640.0 274.593 495.908
2456796.177161022 254139.8 274.892 496.132
2456796.197592767 254753.3 274.891 496.124
2456796.218024612 254844.9 274.843 496.098
2456796.238456258 254607.2 274.783 496.053
2456796.258888004 254066.1 274.728 496.012
2456796.279319851 253839.1 274.7 495.978
2456796.299751497 253597.5 274.636 495.931
2456796.320183244 253636.7 274.59 495.9
2456796.340615091 253841.4 274.532 495.865
2456796.361046738 254016.6 274.492 495.838
2456796.381478486 253771.9 274.427 495.816
2456796.401910333 254214.7 274.387 495.774
2456796.422342082 250307.2 275.063 496.269
2456796.44277383 253897.5 275.243 496.304
2456796.463205579 253846.7 275.202 496.281
2456796.483637328 254063.8 275.137 496.238
2456796.504069077 254301.5 275.096 496.207
2456796.524500826 254169.7 274.982 496.196
2456796.544932576 254407.5 274.955 496.174
2456796.565364426 254817.7 274.89 496.128
2456796.585796076 254990.0 274.842 496.097
2456796.606227926 254792.4 274.793 496.055
2456796.626659677 254357.2 274.746 496.013
2456796.647091328 253954.6 274.697 495.982
2456796.66752318 253701.8 274.987 496.205
2456796.687954931 254020.7 274.999 496.22
2456796.708386583 254570.0 274.952 496.17
2456796.728818435 254808.6 274.909 496.137
2456796.749250187 255077.7 274.849 496.096
2456796.76968194 255047.4 274.801 496.064
2456796.790113693 254436.2 274.744 496.017
2456796.810545446 254038.7 274.697 495.983
2456796.830977199 253868.8 274.649 495.94
2456796.851408953 253868.2 274.595 495.904
2456796.871840707 253993.2 274.543 495.873
2456796.892272461 254272.5 274.502 495.835
2456796.93313597 255124.3 274.841 496.092
2456796.953567726 254944.2 274.796 496.058
2456796.973999481 254261.8 274.726 496.015
2456796.994431336 254198.9 274.709 495.975
2456797.014862992 253833.6 274.658 495.935
2456797.035294748 253758.7 274.639 495.915
2456797.055726605 253921.2 274.599 495.889
2456797.076158361 254121.1 274.536 495.867
2456797.096590018 254270.8 274.504 495.844
2456797.117021875 254345.5 274.456 495.819
2456797.137453633 254378.8 274.437 495.806
2456797.15788539 250753.0 274.795 496.069
2456797.178317148 254226.3 275.015 496.221
2456797.198748907 254584.2 274.977 496.187
2456797.219180765 254754.1 274.956 496.171
2456797.239612424 255014.3 274.911 496.138
2456797.260044183 255027.3 274.886 496.132
2456797.280476043 255024.8 274.843 496.106
2456797.300907702 255454.1 274.823 496.073
2456797.321339562 255376.0 274.787 496.043
2456797.341771322 254646.8 274.742 496.007
2456797.362202982 254409.5 274.723 495.98
2456797.382634843 254031.9 274.664 495.957
2456797.403066604 254668.6 274.937 496.143
2456797.423498265 254902.9 274.918 496.155
2456797.443930127 255215.1 274.893 496.126
2456797.464361889 255358.8 274.848 496.097
2456797.484793751 255256.2 274.797 496.068
2456797.505225413 255066.0 274.78 496.025
2456797.525657076 254568.1 274.728 495.995
2456797.546088939 254370.5 274.685 495.97
2456797.566520702 254254.0 274.629 495.927
2456797.586952466 254230.6 274.598 495.906
2456797.607384229 254368.2 274.548 495.875
2456797.627815993 254493.2 274.532 495.856
2456797.648247757 252315.4 275.113 496.294
2456797.668679522 254101.5 275.214 496.367
2456797.689111287 254403.0 275.224 496.295
2456797.709543152 254522.4 275.169 496.26
2456797.729974917 254728.4 275.151 496.236
2456797.750406583 254881.3 275.11 496.211
2456797.770838449 254995.3 275.091 496.198
2456797.791270215 254930.0 274.995 496.19
2456797.811701882 254811.4 274.972 496.195
2456797.832133748 255299.2 274.928 496.147
2456797.852565515 255475.7 274.888 496.125
2456797.872997383 255731.6 274.831 496.087
2456797.89342905 253971.7 275.055 496.248
2456797.913860818 254951.5 275.127 496.212
2456797.934292686 254850.8 275.028 496.207
2456797.954724355 254991.0 274.988 496.193
2456797.975156123 255536.2 274.919 496.136
2456797.995587992 255644.7 274.877 496.113
2456798.016019662 255796.3 274.814 496.078
2456798.036451531 255494.9 274.783 496.038
2456798.056883301 254965.5 274.724 495.995
2456798.077314971 254625.6 274.667 495.954
2456798.097746842 254439.5 274.606 495.917
2456798.118178612 254764.0 274.551 495.865
2456798.138610283 254501.3 274.914 496.152
2456798.159042154 255588.8 274.941 496.147
2456798.179473826 255804.9 274.884 496.112
2456798.199905698 255957.4 274.814 496.065
2456798.22033747 255376.7 274.755 496.017
2456798.240769142 254775.3 274.671 495.962
2456798.261201015 254651.3 274.639 495.937
2456798.281632788 254784.0 274.601 495.891
2456798.302064561 254909.6 274.557 495.87
2456798.322496334 255040.9 274.529 495.852
2456798.342928108 255160.2 274.479 495.827
2456798.363359882 255163.7 274.452 495.817
2456798.383791656 254442.3 274.971 496.184
2456798.404223431 255170.1 275.022 496.213
2456798.424655306 255687.5 274.959 496.166
2456798.445087081 255793.7 274.918 496.145
2456798.465518756 256269.2 274.848 496.086
2456798.485950632 256229.2 274.808 496.046
2456798.506382408 255464.6 274.735 496.002
2456798.526814085 255171.0 274.692 495.974
2456798.547245961 254989.3 274.629 495.928
2456798.567677738 255051.8 274.589 495.899
2456798.588109615 255296.9 274.552 495.856
2456798.608541293 255385.4 274.483 495.833
2456798.628973071 254180.4 275.0 496.19
2456798.649404949 255681.1 275.114 496.215
2456798.669836627 255383.1 275.031 496.226
2456798.690268405 255963.3 274.957 496.17
2456798.710700284 256269.6 274.923 496.138
2456798.731131963 256610.1 274.84 496.089
2456798.751563843 256552.5 274.802 496.052
2456798.771995622 255899.8 274.736 496.001
2456798.792427302 255644.1 274.691 495.958
2456798.812859183 255337.0 274.627 495.925
2456798.833290863 255465.9 274.564 495.889
2456798.853722644 255763.7 274.522 495.842
2456798.894586207 255720.0 275.061 496.218
2456798.915017989 255799.2 275.031 496.211
2456798.935449871 256011.3 275.025 496.191
2456798.955881653 256287.2 274.959 496.175
2456798.976313435 256501.6 274.935 496.154
2456798.996745219 256703.8 274.901 496.127
2456799.017177002 256720.4 274.875 496.12
2456799.037608785 257088.4 274.838 496.075
2456799.058040569 256990.4 274.811 496.058
2456799.078472353 256579.2 274.767 496.022
2456799.098904237 256238.6 274.727 495.993
2456799.119335922 255815.9 274.99 496.198
2456799.139767807 256267.0 274.983 496.197
2456799.160199592 256342.6 274.957 496.18
2456799.180631278 256965.7 274.913 496.126
2456799.201063163 257177.6 274.892 496.107
2456799.221494949 257294.9 274.837 496.074
2456799.241926636 257303.7 274.817 496.049
2456799.262358523 256829.2 274.773 496.012
2456799.282790309 256524.9 274.744 496.007
2456799.303222197 256146.2 274.682 495.968
2456799.323653884 256078.6 274.658 495.943
2456799.344085672 255879.0 274.615 495.919
2456799.36451756 255837.2 274.908 496.138
2456799.384949248 256961.0 274.96 496.157
2456799.405381037 257139.0 274.92 496.125
2456799.425812926 257227.6 274.879 496.11
2456799.446244616 257611.9 274.823 496.066
2456799.466676505 257223.7 274.793 496.047
2456799.487108195 256651.0 274.73 496.006
2456799.507539985 256437.9 274.699 495.97
2456799.527971875 256364.0 274.673 495.939
2456799.548403566 256298.2 274.63 495.909
2456799.568835357 256291.0 274.576 495.888
2456799.589267249 256484.9 274.542 495.858
2456799.60969904 255882.3 274.865 496.095
2456799.630130732 257268.2 274.934 496.148
2456799.650562624 257425.2 274.906 496.13
2456799.670994417 257695.1 274.854 496.093
2456799.69142621 257829.9 274.829 496.069
2456799.711858003 257282.6 274.775 496.033
2456799.732289796 256996.6 274.746 496.0
2456799.75272169 256603.3 274.684 495.964
2456799.773153384 256509.7 274.649 495.936
2456799.793585178 256447.2 274.604 495.91
2456799.814017073 256670.9 274.576 495.871
2456799.834448768 256716.4 274.547 495.849
2456799.854880663 254138.8 274.986 496.198
2456799.875312458 256794.4 275.183 496.25
2456799.895744154 257039.7 275.134 496.209
2456799.91617605 257135.0 275.112 496.202
2456799.936607847 257155.8 274.994 496.19
2456799.957039543 257231.2 274.979 496.179
2456799.977471441 257639.4 274.921 496.14
2456799.997903238 257764.2 274.892 496.12
2456800.018335135 258121.8 274.845 496.099
2456800.038766833 257917.2 274.803 496.053
2456800.059198631 257551.4 274.768 496.018
2456800.07963043 257221.4 274.729 495.98
2456800.100062228 256814.6 275.009 496.198
2456800.120494028 257184.1 275.01 496.199
2456800.140925827 257372.1 274.983 496.182
2456800.161357626 257809.2 274.927 496.135
2456800.181789526 257749.6 274.898 496.128
2456800.202221227 258159.0 274.835 496.08
2456800.222653027 258224.3 274.822 496.049
2456800.243084928 257376.4 274.744 496.01
2456800.263516629 257180.7 274.711 495.967
2456800.283948431 256839.4 274.659 495.949
2456800.304380333 256873.6 274.619 495.905
2456800.324812135 256958.2 274.573 495.879
2456800.345243837 256763.5 274.931 496.15
2456800.365675739 257457.3 274.988 496.182
2456800.386107543 257846.5 274.936 496.143
2456800.406539446 257929.6 274.893 496.125
2456800.42697115 258333.8 274.845 496.077
2456800.447402953 258254.4 274.82 496.061
2456800.467834857 257565.5 274.75 496.002
2456800.488266562 257170.7 274.712 495.982
2456800.508698367 256983.6 274.648 495.931
2456800.529130272 256883.9 274.622 495.912
2456800.549561977 257076.0 274.573 495.864
2456800.569993883 257187.7 274.524 495.847
2456800.590425689 257169.6 274.758 496.015
2456800.610857395 257720.7 274.762 496.011
2456800.631289302 257208.5 274.707 495.972
2456800.651721109 257044.8 274.655 495.933
2456800.672152816 256886.7 274.612 495.909
2456800.692584724 257167.1 274.548 495.857
2456800.713016531 257271.8 274.507 495.832
2456800.73344834 257432.5 274.446 495.787
2456800.753880148 257480.5 274.408 495.767
2456800.774311957 257839.8 274.333 495.731
2456800.794743866 257913.2 274.286 495.714
2456800.815175575 257578.0 274.241 495.667
2456800.856039195 257875.7 274.948 496.146
2456800.876471005 257815.7 274.945 496.144
2456800.896902916 257999.6 274.926 496.113
2456800.917334727 258272.0 274.917 496.097
2456800.937766438 258129.3 274.874 496.083
2456800.958198349 258306.7 274.84 496.077
2456800.978630161 258099.4 274.816 496.064
2456800.999061873 257771.0 274.777 496.023
2456801.019493786 257429.3 274.743 496.002
2456801.039925599 257140.5 274.708 495.962
2456801.060357311 257057.0 274.689 495.951
2456801.080789225 257639.9 274.893 496.105
2456801.101221038 257761.1 274.917 496.135
2456801.121652952 258080.4 274.867 496.092
2456801.142084667 258003.6 274.839 496.083
2456801.162516481 257747.8 274.788 496.038
2456801.182948396 257659.4 274.772 496.021
2456801.203380111 257242.1 274.73 495.981
2456801.223811927 257065.8 274.706 495.958
2456801.244243843 256781.6 274.675 495.939
2456801.264675559 256448.6 274.605 495.919
2456801.285107475 256201.6 274.553 495.868
2456801.305539292 256811.0 274.557 495.867
2456801.325971009 254415.4 275.006 496.193
2456801.346402926 256953.5 275.169 496.239
2456801.366834744 256991.7 275.144 496.226
2456801.387266562 256588.9 275.037 496.239
2456801.40769838 256907.8 275.028 496.212
2456801.428130199 257354.2 275.006 496.169
2456801.448562018 257417.3 274.959 496.158
2456801.468993837 257640.9 274.927 496.129
2456801.489425656 257701.3 274.89 496.109
2456801.509857477 257916.3 274.845 496.098
2456801.530289297 257746.6 274.81 496.05
2456801.550721117 257090.6 274.753 496.006
2456801.571152938 256428.5 275.06 496.22
2456801.591584759 256904.4 275.129 496.197
2456801.612016681 256695.9 275.034 496.215
2456801.632448502 256844.1 275.01 496.197
2456801.652880224 257292.0 274.953 496.153
2456801.673312147 257296.7 274.931 496.138
2456801.693743969 257520.1 274.886 496.106
2456801.714175692 257775.6 274.863 496.092
2456801.734607616 257425.7 274.798 496.039
2456801.755039439 257079.5 274.766 496.014
2456801.775471163 256541.3 274.712 495.974
2456801.795903088 256349.1 274.675 495.943
2456801.816334912 257043.4 274.868 496.109
2456801.836766837 257530.4 274.863 496.083
2456801.857198562 257731.1 274.849 496.059
2456801.877630388 257282.2 274.799 496.035
2456801.898062313 256891.1 274.766 496.009
2456801.91849404 256366.3 274.706 495.962
2456801.938925866 256186.9 274.675 495.946
2456801.959357793 256103.6 274.62 495.902
2456801.97978952 256089.1 274.589 495.884
2456802.000221448 256256.8 274.535 495.845
2456802.020653275 256377.9 274.5 495.827
2456802.041085003 256448.4 274.442 495.79
2456802.061516932 255805.7 274.861 496.098
2456802.08194876 257019.2 274.923 496.127
2456802.102380489 257221.7 274.891 496.092
2456802.122812419 257377.5 274.851 496.067
2456802.143244248 257020.4 274.799 496.033
2456802.163676078 256640.9 274.772 496.021
2456802.184107909 256098.5 274.713 495.967
2456802.204539739 255869.4 274.679 495.948
2456802.22497157 255734.5 274.626 495.913
2456802.245403401 255869.0 274.61 495.883
2456802.265835233 255950.5 274.537 495.845
2456802.286267165 255934.7 274.515 495.831
2456802.306698897 255638.8 274.736 495.989
2456802.327130729 256391.0 274.755 496.001
2456802.347562662 255954.1 274.712 495.971
2456802.367994395 255765.9 274.68 495.942
2456802.388426329 255639.4 274.63 495.904
2456802.408858162 255687.3 274.587 495.877
2456802.429289897 255746.8 274.536 495.853
2456802.449721831 255893.8 274.507 495.825
2456802.470153666 255929.0 274.454 495.792
2456802.490585401 256094.2 274.412 495.763
2456802.511017337 256177.1 274.375 495.745
2456802.531449172 256455.5 274.318 495.722
2456802.551881108 254458.6 274.883 496.101
2456802.572312844 256349.1 274.947 496.141
2456802.592744681 256524.2 274.929 496.121
2456802.613176618 256781.2 274.872 496.081
2456802.633608356 256864.4 274.83 496.058
2456802.654040193 256248.5 274.777 496.024
2456802.674472131 255951.5 274.747 495.997
2456802.694903869 255481.6 274.695 495.957
2456802.715335808 255377.4 274.66 495.931
2456802.735767647 255319.3 274.62 495.899
2456802.756199386 255423.8 274.57 495.864
2456802.776631326 255478.3 274.529 495.837
2456802.817495006 254749.4 275.004 496.193
2456802.837926846 255407.7 275.055 496.218
2456802.858358688 255620.2 275.022 496.196
2456802.878790429 255897.5 274.963 496.164
2456802.89922237 256082.9 274.933 496.139
2456802.919654212 256282.3 274.884 496.106
2456802.940086154 256389.0 274.87 496.103
2456802.960517897 256250.8 274.813 496.057
2456802.980949739 256318.5 274.812 496.042
2456803.001381683 255864.7 274.772 496.001
2456803.021813427 255520.2 274.754 495.981
2456803.04224527 252009.7 275.111 496.292
2456803.062677214 255159.0 275.321 496.428
2456803.083108959 254711.3 275.293 496.405
2456803.103540903 254837.1 275.249 496.368
2456803.123972749 255127.5 275.256 496.307
2456803.144404494 255097.2 275.237 496.287
2456803.16483644 255023.7 275.209 496.262
2456803.185268286 255114.9 275.178 496.24
2456803.205700032 255201.7 275.16 496.217
2456803.226131979 255419.3 275.112 496.186
2456803.246563826 255555.6 275.089 496.166
2456803.266995774 255366.8 274.983 496.179
2456803.287427522 255618.0 274.97 496.154
2456803.30785937 255610.8 274.909 496.131
2456803.328291318 255955.8 274.898 496.105
2456803.348723067 256078.5 274.865 496.079
2456803.369154916 256176.0 274.832 496.06
2456803.389586865 256042.7 274.824 496.031
2456803.410018715 255492.3 274.776 496.011
2456803.430450565 255211.4 274.76 495.989
2456803.450882316 254849.0 274.703 495.962
2456803.471314166 254736.6 274.68 495.942
2456803.491746117 254671.5 274.641 495.911
2456803.512177969 254529.7 274.611 495.898
2456803.532609721 254578.3 274.945 496.153
2456803.553041672 255145.2 274.995 496.174
2456803.573473525 255587.2 274.963 496.133
2456803.593905278 255608.7 274.922 496.122
2456803.614337231 255934.5 274.873 496.083
2456803.634769084 255969.3 274.84 496.068
2456803.655201038 255573.2 274.795 496.024
2456803.675632792 255123.9 274.754 496.003
2456803.696064646 254889.8 274.726 495.967
2456803.716496601 254622.0 274.684 495.939
2456803.736928356 254441.4 274.641 495.901
2456803.757360211 254504.5 274.598 495.884
2456803.777792167 253559.1 275.051 496.217
2456803.798223923 254688.1 275.158 496.226
2456803.818655879 254758.2 275.134 496.211
2456803.839087736 254678.7 275.033 496.204
2456803.859519493 254816.7 275.0 496.185
2456803.879951451 255429.0 274.96 496.13
2456803.900383308 255316.9 274.923 496.125
2456803.920815066 255658.7 274.867 496.079
2456803.941247025 255734.5 274.837 496.063
2456803.961678883 255180.6 274.786 496.029
2456803.982110842 254898.9 274.758 495.999
2456804.002542602 254502.2 274.715 495.967
2456804.022974461 254505.6 274.921 496.108
2456804.043406322 255335.0 274.94 496.121
2456804.063838282 255487.1 274.902 496.094
2456804.084270043 255661.7 274.86 496.066
2456804.104701904 255360.5 274.807 496.038
2456804.125133765 254980.9 274.775 496.017
2456804.145565627 254578.5 274.734 495.979
2456804.165997589 254407.7 274.706 495.95
2456804.186429351 254177.9 274.654 495.916
2456804.206861314 254078.3 274.614 495.899
2456804.227293177 254244.4 274.556 495.86
2456804.247724941 254350.6 274.526 495.835
2456804.268156904 253229.5 275.02 496.193
2456804.288588768 254376.7 275.174 496.212
2456804.309020533 254249.3 275.05 496.212
2456804.329452497 254349.8 275.023 496.199
2456804.349884363 254872.2 274.967 496.148
2456804.370316328 254971.8 274.922 496.127
2456804.390748094 255246.8 274.872 496.084
2456804.41117996 255306.9 274.823 496.054
2456804.431611926 254852.2 274.783 496.011
2456804.452043694 254392.7 274.743 495.983
2456804.47247556 254074.4 274.687 495.941
2456804.492907528 253967.6 274.633 495.901
2456804.513339296 252748.4 275.243 496.374
2456804.533771264 253859.7 275.272 496.397
2456804.554203133 253691.2 275.236 496.364
2456804.574635001 253980.7 275.236 496.275
2456804.595066871 253991.4 275.205 496.247
2456804.61549874 254192.6 275.153 496.21
2456804.63593061 254287.5 275.122 496.194
2456804.65636248 254377.7 274.995 496.177
2456804.676794351 254645.2 274.98 496.152
2456804.697226222 254910.4 274.911 496.115
2456804.717658093 255066.9 274.887 496.09
2456804.738089964 255061.7 274.818 496.049
2456804.758521836 254717.2 274.787 496.024
2456804.778953709 254322.8 274.745 495.973
2456804.799385581 253876.5 274.695 495.95
2456804.819817554 253811.7 274.642 495.899
2456804.840249327 253773.5 274.592 495.877
2456804.860681201 253938.4 274.543 495.84
2456804.881113175 254014.2 274.501 495.819
2456804.901544949 254168.0 274.458 495.776
2456804.921976924 254234.5 274.397 495.758
2456804.942408799 254495.4 274.359 495.717
2456804.962840574 254622.2 274.303 495.707
2456804.98327255 254414.6 274.267 495.667
2456805.003704426 249434.3 274.939 496.136
2456805.024136202 253848.5 275.179 496.23
2456805.044568179 254182.2 275.125 496.189
2456805.065000056 253871.7 275.033 496.203
2456805.085432034 254314.5 274.974 496.165
2456805.105863811 254587.8 274.954 496.134
2456805.126295689 254961.1 274.896 496.087
2456805.146727668 255109.3 274.867 496.085
2456805.167159447 254787.4 274.804 496.026
2456805.187591326 254375.5 274.771 496.005
