Dates Flux Xpos Ypos
2456768.962217216 100825.8 397.9 589.572
2456768.982648807 100749.0 397.986 589.524
2456769.003080397 100737.5 397.989 589.532
2456769.023511988 100727.2 397.987 589.543
2456769.043943578 100776.9 397.999 589.527
2456769.064375169 100746.1 398.007 589.545
2456769.084806759 100726.0 398.011 589.552
2456769.105238449 100753.3 398.029 589.56
2456769.12567004 100771.6 398.036 589.567
2456769.14610153 100801.8 398.057 589.573
2456769.16653322 100769.0 398.055 589.583
2456769.18696471 100798.1 398.066 589.58
2456769.207396301 100798.8 398.066 589.585
2456769.227827991 100842.5 398.072 589.588
2456769.248259481 100813.0 398.07 589.586
2456769.268691071 100830.1 398.073 589.587
2456769.289122761 100828.5 398.091 589.596
2456769.309554251 100847.6 398.091 589.598
2456769.329985841 100860.4 398.101 589.615
2456769.350417531 100868.4 398.126 589.609
2456769.370849021 100894.1 398.139 589.629
2456769.391280711 100883.8 398.134 589.624
2456769.4117123 100912.6 398.135 589.63
2456769.43214379 100909.5 398.131 589.62
2456769.47300707 100260.8 398.014 589.642
2456769.493438659 101126.8 398.154 589.703
2456769.513870249 101225.7 398.135 589.73
2456769.534301839 101228.8 398.13 589.729
2456769.554733428 101236.5 398.143 589.729
2456769.575165118 101264.5 398.137 589.741
2456769.595596607 101327.9 398.169 589.741
2456769.616028297 101345.6 398.164 589.75
2456769.636459887 101383.0 398.165 589.753
2456769.656891376 101361.5 398.159 589.75
2456769.677323065 101407.4 398.166 589.762
2456769.697754655 101365.8 398.174 589.747
2456769.718186144 101371.7 398.177 589.752
2456769.738617833 101355.7 398.185 589.742
2456769.759049423 101380.7 398.207 589.765
2456769.779480912 101349.7 398.195 589.768
2456769.799912601 101355.0 398.194 589.758
2456769.82034419 101388.1 398.194 589.775
2456769.84077568 101350.8 398.215 589.766
2456769.861207369 101354.4 398.214 589.775
2456769.881638858 101343.1 398.213 589.776
2456769.902070547 101367.0 398.217 589.781
2456769.922502136 101406.8 398.213 589.784
2456769.942933625 101332.5 398.238 589.778
2456769.963365314 101355.9 398.243 589.793
2456769.983796903 101363.7 398.249 589.796
2456770.004228492 101358.4 398.256 589.799
2456770.024660081 101358.7 398.254 589.809
2456770.04509167 101334.2 398.267 589.813
2456770.065523259 101308.8 398.281 589.809
2456770.085954848 101237.8 398.297 589.824
2456770.106386437 101224.6 398.294 589.836
2456770.126818025 101104.9 398.311 589.846
2456770.147249714 101097.0 398.338 589.841
2456770.167681203 101089.9 398.356 589.85
2456770.188112892 101042.2 398.353 589.863
2456770.208544481 101020.9 398.361 589.872
2456770.228975969 101047.6 398.365 589.872
2456770.249407658 101026.1 398.385 589.878
2456770.269839247 101038.3 398.395 589.893
2456770.290270735 100966.2 398.392 589.911
2456770.310702424 101000.6 398.421 589.905
2456770.331134012 100984.9 398.444 589.904
2456770.351565501 100957.0 398.446 589.925
2456770.37199719 100958.8 398.455 589.927
2456770.392428778 100970.3 398.461 589.937
2456770.412860367 100959.9 398.467 589.947
2456770.433291955 100778.4 397.939 589.587
2456770.453723543 101161.2 397.873 589.547
2456770.474155232 101150.0 397.883 589.567
2456770.494586721 101113.0 397.898 589.57
2456770.515018309 101046.4 397.979 589.518
2456770.535449897 101059.2 397.993 589.532
2456770.555881485 101055.3 397.997 589.542
2456770.576313074 101088.0 398.02 589.54
2456770.596744662 101072.1 398.014 589.552
2456770.617176251 101073.8 398.012 589.553
2456770.637607839 101081.5 398.018 589.549
2456770.658039527 101088.6 398.026 589.562
2456770.678471015 101111.5 398.046 589.569
2456770.698902604 101108.6 398.04 589.564
2456770.719334292 101119.3 398.037 589.565
2456770.73976578 101097.6 398.045 589.565
2456770.760197468 101119.0 398.046 589.575
2456770.780629057 101114.3 398.044 589.568
2456770.801060544 101126.4 398.049 589.568
2456770.821492233 101132.6 398.044 589.57
2456770.841923821 101120.7 398.028 589.563
2456770.862355309 101128.8 398.05 589.567
2456770.882786997 101154.9 398.038 589.563
2456770.903218585 101161.8 398.032 589.572
2456770.923650073 101143.9 398.033 589.561
2456770.944081761 101162.2 398.03 589.554
2456770.964513349 101182.9 398.03 589.559
2456770.984944937 101168.4 398.025 589.56
2456771.005376525 101194.5 398.029 589.562
2456771.025808113 101201.5 398.03 589.562
2456771.046239801 101194.5 398.046 589.573
2456771.066671289 101225.5 398.063 589.577
2456771.087102877 101238.1 398.089 589.598
2456771.107534565 101267.4 398.117 589.619
2456771.127966153 101303.1 398.136 589.625
2456771.148397641 101332.6 398.154 589.637
2456771.168829329 101315.0 398.15 589.636
2456771.189260917 101307.9 398.149 589.634
2456771.209692405 101310.6 398.148 589.632
2456771.230124092 101318.4 398.142 589.63
2456771.25055558 101313.9 398.132 589.628
2456771.270987168 101300.4 398.111 589.608
2456771.291418856 101294.4 398.097 589.604
2456771.311850344 101261.1 398.087 589.6
2456771.332282031 101310.7 398.08 589.59
2456771.352713619 101288.9 398.085 589.592
2456771.373145107 101315.1 398.078 589.593
2456771.393576795 101293.8 398.066 589.582
2456771.434439871 101434.3 397.826 589.49
2456771.454871558 101449.0 397.845 589.524
2456771.475303146 101489.0 397.849 589.523
2456771.495734734 101486.8 397.838 589.54
2456771.516166321 101457.5 397.847 589.546
2456771.536597909 101460.8 397.865 589.555
2456771.557029497 101449.6 397.886 589.55
2456771.577461084 101451.8 397.882 589.562
2456771.597892672 101471.9 397.864 589.558
2456771.61832436 101476.1 397.863 589.561
2456771.638755947 101517.1 397.852 589.528
2456771.659187435 101516.2 397.851 589.536
2456771.679619123 101518.5 397.864 589.516
2456771.700050711 101554.8 397.842 589.518
2456771.720482198 101571.7 397.817 589.522
2456771.740913886 101590.6 397.809 589.514
2456771.761345474 101586.4 397.807 589.526
2456771.781776961 101589.8 397.806 589.501
2456771.802208649 101582.6 397.813 589.502
2456771.822640236 101588.0 397.798 589.508
2456771.843071724 101589.2 397.799 589.5
2456771.863503412 101625.1 397.8 589.505
2456771.883934999 101630.5 397.794 589.502
2456771.904366587 101663.3 397.8 589.486
2456771.924798174 101632.3 397.778 589.49
2456771.945229762 101673.1 397.782 589.488
2456771.96566135 101670.5 397.77 589.491
2456771.986092937 101683.9 397.769 589.489
2456772.006524525 101666.4 397.764 589.467
2456772.026956113 101730.5 397.755 589.478
2456772.0473877 101684.0 397.742 589.467
2456772.067819288 101696.6 397.733 589.461
2456772.088250875 101735.0 397.725 589.455
2456772.108682463 101719.5 397.726 589.444
2456772.129114151 101709.9 397.712 589.436
2456772.149545638 101735.1 397.696 589.438
2456772.169977226 101763.1 397.676 589.425
2456772.190408913 101767.2 397.652 589.4
2456772.210840501 101805.7 397.634 589.393
2456772.231271989 101757.6 397.611 589.379
2456772.251703676 101772.2 397.613 589.375
2456772.272135264 101791.6 397.616 589.362
2456772.292566751 101761.0 397.602 589.359
2456772.312998439 101737.3 397.581 589.356
2456772.333430026 101684.2 397.562 589.33
2456772.353861514 101682.7 397.54 589.328
2456772.374293202 101680.9 397.53 589.296
2456772.394724789 101397.2 398.024 589.65
2456772.415156477 101785.4 398.132 589.623
2456772.435587964 101784.1 398.114 589.615
2456772.456019552 101764.8 398.092 589.601
2456772.47645124 101769.4 398.061 589.578
2456772.496882727 101739.7 398.05 589.572
2456772.517314315 101770.5 398.032 589.577
2456772.537746002 101771.0 398.041 589.554
2456772.55817749 101785.4 398.031 589.559
2456772.578609078 101747.0 398.016 589.555
2456772.599040765 101776.5 398.011 589.547
2456772.619472253 101802.5 397.992 589.525
2456772.639903841 101877.1 397.903 589.561
2456772.660335529 101910.0 397.877 589.558
2456772.680767016 101980.4 397.837 589.524
2456772.701198704 102011.6 397.804 589.507
2456772.721630292 102036.3 397.787 589.491
2456772.742061779 102028.8 397.778 589.5
2456772.762493467 102041.5 397.761 589.466
2456772.782925054 102062.5 397.727 589.462
2456772.803356542 102047.9 397.71 589.446
2456772.82378823 102069.8 397.682 589.414
2456772.844219817 102083.4 397.655 589.398
2456772.864651305 102059.9 397.604 589.371
2456772.885082993 101977.7 397.572 589.336
2456772.905514581 101967.0 397.551 589.33
2456772.925946068 101970.2 397.542 589.313
2456772.946377756 101954.8 397.511 589.295
2456772.966809344 101971.5 397.47 589.277
2456772.987241032 101936.4 397.462 589.258
2456773.007672519 101912.4 397.429 589.236
2456773.028104107 101884.0 397.384 589.214
2456773.048535795 101883.4 397.341 589.18
2456773.068967283 101884.7 397.321 589.173
2456773.089398871 101884.3 397.303 589.162
2456773.109830559 101974.0 397.273 589.139
2456773.130262146 100806.8 397.967 589.619
2456773.150693634 102117.3 398.125 589.609
2456773.171125322 102088.1 398.08 589.591
2456773.19155691 102075.0 398.022 589.55
2456773.211988498 102085.9 397.996 589.531
2456773.232420086 102192.4 397.88 589.56
2456773.252851673 102228.0 397.854 589.533
2456773.273283261 102285.8 397.817 589.514
2456773.293714849 102308.8 397.788 589.495
2456773.314146437 102317.3 397.753 589.475
2456773.334578025 102309.6 397.7 589.437
2456773.355009613 102334.8 397.652 589.402
2456773.395872789 101695.1 397.797 589.513
2456773.416304377 102262.1 397.88 589.577
2456773.436735865 102238.8 397.863 589.531
2456773.457167553 102348.0 397.849 589.529
2456773.477599142 102385.6 397.796 589.506
2456773.49803083 102411.1 397.775 589.494
2456773.518462318 102425.3 397.738 589.484
2456773.538893905 102399.2 397.739 589.463
2456773.559325594 102410.7 397.722 589.441
2456773.579757082 102421.2 397.704 589.433
2456773.60018867 102394.4 397.665 589.388
2456773.620620358 101549.8 397.963 589.603
2456773.641051946 102711.1 398.258 589.809
2456773.661483434 102752.1 398.233 589.787
2456773.681915123 102766.6 398.209 589.795
2456773.702346711 102773.7 398.206 589.762
2456773.722778199 102762.5 398.174 589.744
2456773.743209887 102685.3 398.133 589.726
2456773.763641476 102692.8 398.133 589.729
2456773.784073064 102666.0 398.18 589.687
2456773.804504653 102409.7 398.166 589.625
2456773.824936241 102406.4 398.128 589.619
2456773.845367929 102393.2 398.094 589.595
2456773.865799418 102364.4 398.055 589.574
2456773.886231006 102339.5 398.031 589.557
2456773.906662694 102393.9 398.029 589.536
2456773.927094183 102447.2 397.914 589.588
2456773.947525771 102470.7 397.899 589.563
2456773.96795746 102491.4 397.867 589.555
2456773.988388948 102569.4 397.806 589.516
2456774.008820637 102545.2 397.794 589.479
2456774.029252125 102608.3 397.769 589.472
2456774.049683714 102571.7 397.73 589.452
2456774.070115402 102595.6 397.68 589.426
2456774.090546891 102616.3 397.644 589.391
2456774.110978479 102130.8 398.29 589.816
2456774.131410168 102588.3 398.338 589.853
2456774.151841657 102710.6 398.302 589.837
2456774.172273246 102793.6 398.281 589.821
2456774.192704934 102908.8 398.258 589.79
2456774.213136523 102957.8 398.204 589.758
2456774.233568012 102879.9 398.147 589.73
2456774.253999701 102887.8 398.194 589.694
2456774.27443129 102593.4 398.152 589.637
2456774.294862878 102563.5 398.133 589.616
2456774.315294467 102552.0 398.086 589.585
2456774.335726056 102519.3 398.025 589.555
2456774.356157745 102531.2 397.991 589.527
2456774.376589234 102625.9 397.898 589.558
2456774.397020823 102669.2 397.859 589.537
2456774.417452512 102707.3 397.806 589.514
2456774.437884001 102699.8 397.745 589.455
2456774.45831559 102718.9 397.695 589.431
2456774.478747279 102724.4 397.649 589.409
2456774.499178768 102738.3 397.624 589.379
2456774.519610457 102637.7 397.591 589.34
2456774.540042046 102538.9 397.525 589.297
2456774.560473535 102567.2 397.469 589.266
2456774.580905225 102487.4 397.432 589.24
2456774.601336814 102322.9 397.778 589.497
2456774.621768303 102779.5 397.78 589.489
2456774.642199992 102751.3 397.721 589.443
2456774.662631582 102769.3 397.663 589.413
2456774.683063171 102755.2 397.615 589.37
2456774.70349476 102625.7 397.562 589.336
2456774.72392635 102563.2 397.521 589.296
2456774.744357839 102550.8 397.454 589.261
2456774.764789529 102505.0 397.39 589.21
2456774.785221118 102456.3 397.354 589.185
2456774.805652708 102487.6 397.303 589.16
2456774.826084297 102663.4 397.245 589.125
2456774.846515887 101548.5 397.835 589.511
2456774.866947576 102749.9 397.869 589.549
2456774.887379066 102802.2 397.798 589.505
2456774.907810656 102821.8 397.743 589.466
2456774.928242345 102804.8 397.683 589.417
2456774.948673835 102721.7 397.594 589.356
2456774.969105425 102673.5 397.548 589.321
2456774.989537115 102633.2 397.496 589.28
2456775.009968604 102574.1 397.442 589.243
2456775.030400294 102526.0 397.361 589.198
2456775.050831884 102543.5 397.297 589.159
2456775.071263374 102648.1 397.245 589.119
2456775.091695064 101827.1 397.786 589.499
2456775.112126654 102857.2 397.796 589.49
2456775.132558144 102840.9 397.718 589.442
2456775.152989834 102870.2 397.641 589.397
2456775.173421424 102731.5 397.581 589.341
2456775.193853015 102646.8 397.513 589.29
2456775.214284604 102572.3 397.417 589.232
2456775.234716195 102526.4 397.355 589.188
2456775.255147885 102558.8 397.29 589.152
2456775.275579375 102728.7 397.229 589.112
2456775.296010965 102993.2 397.146 589.071
2456775.316442656 103244.5 397.092 589.03
2456775.357305737 102503.3 397.823 589.49
2456775.377737427 102720.3 397.832 589.51
2456775.398168918 102917.1 397.79 589.5
2456775.418600508 102898.2 397.77 589.486
2456775.439032199 102841.2 397.743 589.464
2456775.459463689 102838.5 397.721 589.444
2456775.47989528 102855.1 397.673 589.415
2456775.500326971 102875.4 397.628 589.39
2456775.520758461 102813.0 397.604 589.376
2456775.541190152 102739.9 397.57 589.344
2456775.561621743 102700.8 397.528 589.296
2456775.582053234 102318.5 398.026 589.642
2456775.602484925 102770.4 398.133 589.6
2456775.622916515 102731.2 398.099 589.585
2456775.643348007 102717.0 398.026 589.553
2456775.663779697 102670.8 397.989 589.527
2456775.684211289 102781.8 397.885 589.566
2456775.70464288 102755.0 397.883 589.565
2456775.725074471 102834.3 397.849 589.501
2456775.745506062 102871.9 397.802 589.501
2456775.765937753 102860.3 397.777 589.481
2456775.786369244 102835.4 397.734 589.465
2456775.806800836 102837.5 397.708 589.426
2456775.827232527 102853.0 397.667 589.396
2456775.847664118 102882.2 397.638 589.393
2456775.86809561 102801.5 397.599 589.355
2456775.888527301 102682.1 397.55 589.321
2456775.908958893 102640.8 397.511 589.304
2456775.929390384 102633.7 397.487 589.276
2456775.949822076 102596.7 397.441 589.243
2456775.970253667 102548.6 397.374 589.217
2456775.990685359 102535.7 397.333 589.186
2456776.011116851 102501.1 397.303 589.151
2456776.031548442 102586.0 397.273 589.125
2456776.051980034 102779.4 397.208 589.096
2456776.072411626 101608.8 397.689 589.426
2456776.092843218 102868.5 397.747 589.466
2456776.11327481 102831.1 397.702 589.432
2456776.133706402 102867.4 397.63 589.377
2456776.154137894 102727.3 397.561 589.335
2456776.174569586 102671.3 397.514 589.302
2456776.195001178 102661.3 397.485 589.268
2456776.21543277 102561.5 397.433 589.22
2456776.235864362 102517.7 397.385 589.203
2456776.256295955 102511.6 397.337 589.182
2456776.276727647 102524.3 397.298 589.158
2456776.297159139 102674.1 397.235 589.114
2456776.317590732 100344.2 398.029 589.646
2456776.338022424 103019.5 398.142 589.715
2456776.358454017 102768.5 398.151 589.63
2456776.378885509 102694.1 398.078 589.589
2456776.399317202 102698.9 398.047 589.561
2456776.419748794 102686.0 398.006 589.533
2456776.440180287 102716.8 397.894 589.555
2456776.46061198 102813.7 397.824 589.515
2456776.481043573 102802.6 397.79 589.481
2456776.501475265 102795.9 397.742 589.456
2456776.521906758 102784.3 397.689 589.432
2456776.542338351 102818.7 397.627 589.366
2456776.562770044 102673.7 397.583 589.337
2456776.583201537 102609.9 397.528 589.304
2456776.60363313 102585.9 397.477 589.264
2456776.624064824 102498.3 397.401 589.217
2456776.644496317 102472.2 397.353 589.189
2456776.66492791 102458.7 397.31 589.154
2456776.685359603 102548.1 397.25 589.119
2456776.705791097 102769.5 397.191 589.089
2456776.72622279 102917.4 397.142 589.061
2456776.746654383 103109.6 397.095 589.034
2456776.767085877 103197.5 397.023 588.969
2456776.78751757 103252.2 396.97 588.935
2456776.807949064 101490.5 397.582 589.365
2456776.828380657 102778.3 397.625 589.373
2456776.848812351 102597.4 397.548 589.314
2456776.869243845 102547.1 397.493 589.273
2456776.889675439 102488.0 397.438 589.233
2456776.910107133 102435.9 397.364 589.193
2456776.930538727 102418.4 397.306 589.157
2456776.950970221 102513.0 397.27 589.126
2456776.971401914 102649.6 397.214 589.101
2456776.991833509 102918.7 397.135 589.062
2456777.012265103 103134.5 397.087 589.022
2456777.032696697 103173.5 397.025 588.989
2456777.053128291 98910.76 397.86 589.527
2456777.073559985 102597.2 398.048 589.56
2456777.09399148 102548.8 397.986 589.525
2456777.114423074 102665.3 397.873 589.537
2456777.134854769 102720.4 397.797 589.486
2456777.155286264 102692.8 397.736 589.451
2456777.175717858 102699.8 397.686 589.416
2456777.196149553 102658.1 397.612 589.363
2456777.216581048 102535.6 397.541 589.307
2456777.237012742 102497.3 397.489 589.278
2456777.257444337 102430.4 397.442 589.233
2456777.277875832 102365.9 397.357 589.19
2456777.318739122 102549.0 398.084 589.589
2456777.339170717 102490.2 398.053 589.574
2456777.359602312 102467.2 398.02 589.557
2456777.380033907 102477.6 398.005 589.528
2456777.400465502 102483.4 397.98 589.508
2456777.420897098 102556.7 397.875 589.523
2456777.441328693 102636.0 397.832 589.507
2456777.461760289 102580.4 397.8 589.481
2456777.482191884 102603.8 397.752 589.464
2456777.50262348 102574.1 397.696 589.433
2456777.523055075 102573.2 397.663 589.411
2456777.543486671 101918.5 397.998 589.611
2456777.563918266 102540.7 398.172 589.638
2456777.584349962 102489.6 398.137 589.609
2456777.604781458 102460.9 398.096 589.594
2456777.625213054 102376.6 398.026 589.555
2456777.64564475 102381.1 398.002 589.518
2456777.666076246 102426.0 397.904 589.544
2456777.686507942 102507.4 397.84 589.517
2456777.706939538 102540.2 397.785 589.485
2456777.727371035 102492.6 397.737 589.453
2456777.747802731 102483.6 397.711 589.432
2456777.768234327 102495.1 397.64 589.371
2456777.788665824 102081.5 398.026 589.643
2456777.80909752 102370.7 398.103 589.594
2456777.829529117 102323.4 398.041 589.573
2456777.849960614 102280.2 398.004 589.528
2456777.87039231 102346.5 397.905 589.543
2456777.890823907 102414.7 397.859 589.513
2456777.911255504 102464.9 397.778 589.482
2456777.931687101 102401.5 397.73 589.44
2456777.952118698 102421.2 397.697 589.421
2456777.972550394 102415.9 397.621 589.365
2456777.992981992 102267.6 397.569 589.334
2456778.013413489 102205.5 397.521 589.301
2456778.033845186 101907.7 397.883 589.523
2456778.054276783 102291.7 397.899 589.552
2456778.074708281 102352.3 397.854 589.516
2456778.095139978 102345.9 397.81 589.501
2456778.115571576 102339.5 397.735 589.456
2456778.136003073 102324.8 397.703 589.417
2456778.156434771 102341.0 397.658 589.391
2456778.176866268 102215.6 397.586 589.33
2456778.197297966 102142.8 397.535 589.309
2456778.217729564 102099.1 397.486 589.268
2456778.238161062 102022.7 397.419 589.214
2456778.25859276 101972.1 397.377 589.192
2456778.279024358 101619.5 397.868 589.536
2456778.299455856 102204.9 397.882 589.534
2456778.319887554 102266.3 397.821 589.502
2456778.340319152 102250.6 397.762 589.468
2456778.360750651 102224.3 397.699 589.427
2456778.381182349 102253.0 397.64 589.373
2456778.401613947 102148.6 397.598 589.337
2456778.422045646 102025.4 397.534 589.297
2456778.442477145 101972.6 397.451 589.244
2456778.462908743 101926.3 397.421 589.225
2456778.483340442 101841.6 397.356 589.181
2456778.503771941 101878.3 397.289 589.136
2456778.52420354 100774.4 397.957 589.585
2456778.544635239 102020.0 398.086 589.582
2456778.565066838 102001.2 398.007 589.526
2456778.585498337 102059.9 397.88 589.545
2456778.605930036 102117.6 397.839 589.508
2456778.626361636 102091.2 397.749 589.449
2456778.646793235 102099.5 397.685 589.419
2456778.667224834 102126.3 397.644 589.38
2456778.687656434 101944.0 397.558 589.309
2456778.708088133 101877.5 397.502 589.276
2456778.728519633 101850.5 397.457 589.241
2456778.748951233 101743.2 397.374 589.189
2456778.769382932 100868.5 398.03 589.642
2456778.789814432 102033.3 398.156 589.615
2456778.810246032 101918.9 398.068 589.569
2456778.830677632 101905.7 398.021 589.535
2456778.851109232 101960.3 397.904 589.552
2456778.871540932 102020.5 397.812 589.494
2456778.891972432 102030.0 397.763 589.463
2456778.912404033 101967.8 397.699 589.42
2456778.932835733 102007.3 397.623 589.361
2456778.953267234 101847.0 397.568 589.316
2456778.973698834 101797.9 397.509 589.277
2456778.994130535 101706.3 397.432 589.222
2456779.014562035 100123.3 398.138 589.704
2456779.034993636 102350.0 398.258 589.798
2456779.055425337 102339.7 398.187 589.745
2456779.075856938 102181.9 398.2 589.675
2456779.096288539 101874.2 398.143 589.614
2456779.11672014 101794.4 398.059 589.557
2456779.137151741 101797.3 398.004 589.523
2456779.157583343 101846.1 397.876 589.525
2456779.178014944 101906.6 397.778 589.475
2456779.198446545 101868.1 397.73 589.433
2456779.218878247 101884.2 397.653 589.389
2456779.239309749 101769.9 397.578 589.32
2456779.280173052 102147.2 398.196 589.728
2456779.300604554 102134.0 398.159 589.727
2456779.321036255 101987.0 398.137 589.706
2456779.341467858 101792.1 398.165 589.63
2456779.36189936 101725.9 398.136 589.604
2456779.382331062 101696.2 398.107 589.574
2456779.402762664 101668.3 398.057 589.558
2456779.423194166 101590.5 398.015 589.536
2456779.443625869 101639.3 397.92 589.573
2456779.464057471 101690.3 397.881 589.529
2456779.484488974 101702.9 397.857 589.511
2456779.504920675 101710.7 397.835 589.491
2456779.525352178 101654.7 397.797 589.452
2456779.545783881 101674.8 397.74 589.449
2456779.566215484 101656.9 397.715 589.418
2456779.586647087 101640.4 397.653 589.394
2456779.60707869 101664.0 397.624 589.369
2456779.627510293 101510.2 397.599 589.317
2456779.647941897 101487.9 397.537 589.296
2456779.6683735 101460.2 397.506 589.27
2456779.688805103 101354.8 397.453 589.246
2456779.709236707 101323.9 397.411 589.21
2456779.72966831 101323.2 397.417 589.192
2456779.750099914 100993.3 397.875 589.524
2456779.770531618 101505.7 397.89 589.538
2456779.790963222 101556.6 397.863 589.514
2456779.811394725 101560.1 397.81 589.49
2456779.831826429 101540.7 397.786 589.456
2456779.852258034 101518.7 397.74 589.439
2456779.872689538 101537.7 397.69 589.401
2456779.893121242 101532.5 397.634 589.375
2456779.913552846 101435.7 397.608 589.357
2456779.933984351 101286.7 397.555 589.302
2456779.954416056 101271.0 397.552 589.273
2456779.97484766 101306.8 397.498 589.252
2456779.995279365 100948.5 398.063 589.657
2456780.01571087 101439.0 398.173 589.628
2456780.036142475 101412.4 398.158 589.617
2456780.05657418 101355.8 398.105 589.576
2456780.077005685 101312.9 398.065 589.567
2456780.09743729 101280.0 398.036 589.535
2456780.117868895 101243.1 397.986 589.483
2456780.1383005 101353.2 397.883 589.522
2456780.158732106 101391.2 397.836 589.497
2456780.179163811 101342.6 397.767 589.451
2456780.199595317 101343.0 397.727 589.429
2456780.220027023 101370.2 397.688 589.39
2456780.240458629 101080.4 397.768 589.452
2456780.260890135 101343.9 397.763 589.452
2456780.28132184 101319.4 397.692 589.408
2456780.301753446 101375.1 397.642 589.368
2456780.322184953 101254.1 397.597 589.331
2456780.342616659 101133.7 397.53 589.281
2456780.363048265 101114.4 397.487 589.252
2456780.383479772 101036.9 397.448 589.221
2456780.403911478 100947.2 397.376 589.177
2456780.424343085 100935.0 397.334 589.16
2456780.444774792 100965.5 397.294 589.137
2456780.465206299 101063.7 397.242 589.092
2456780.485637906 100432.0 397.738 589.421
2456780.506069613 101226.9 397.751 589.434
2456780.52650112 101229.0 397.674 589.385
2456780.546932727 101184.5 397.616 589.347
2456780.567364434 101023.5 397.535 589.289
2456780.587795942 100983.8 397.476 589.242
2456780.608227549 100921.8 397.439 589.222
2456780.628659257 100854.9 397.384 589.179
2456780.649090765 100784.3 397.326 589.158
2456780.669522472 100841.6 397.288 589.121
2456780.68995408 100993.4 397.228 589.081
2456780.710385688 101187.2 397.174 589.064
2456780.730817297 99851.87 397.842 589.498
2456780.751248905 101099.4 397.872 589.514
2456780.771680513 101099.9 397.814 589.486
2456780.792112121 101081.7 397.747 589.44
2456780.81254373 101088.8 397.694 589.391
2456780.832975338 101145.0 397.641 589.361
2456780.853406947 100947.8 397.565 589.316
2456780.873838556 100911.4 397.526 589.266
2456780.894270164 100854.4 397.462 589.235
2456780.914701774 100746.8 397.393 589.189
2456780.935133383 100668.7 397.349 589.154
2456780.955565092 100784.8 397.278 589.124
2456780.975996601 99377.06 398.048 589.635
2456780.99642821 101270.8 398.196 589.66
2456781.01685992 100964.4 398.112 589.585
2456781.037291429 100919.8 398.07 589.545
2456781.057723039 100898.9 398.022 589.516
2456781.078154749 100935.4 397.883 589.525
2456781.098586259 100975.9 397.843 589.494
2456781.119017969 100967.7 397.784 589.467
2456781.139449579 100954.6 397.731 589.419
2456781.159881089 100962.9 397.683 589.393
2456781.180312799 100915.0 397.614 589.338
2456781.20074441 100811.8 397.562 589.295
2456781.241607631 100867.2 397.887 589.484
2456781.262039242 100850.6 397.892 589.516
2456781.282470853 100843.8 397.855 589.502
2456781.302902463 100904.3 397.823 589.488
2456781.323334075 100878.3 397.81 589.476
2456781.343765785 100858.5 397.772 589.45
2456781.364197297 100883.6 397.742 589.427
2456781.384628908 100851.9 397.716 589.414
2456781.40506062 100870.0 397.664 589.383
2456781.425492231 100843.7 397.626 589.363
2456781.445923743 100799.6 397.608 589.33
2456781.466355455 100407.2 397.982 589.581
2456781.486786966 100761.1 398.091 589.552
2456781.507218678 100721.8 398.057 589.51
2456781.52765029 100701.8 397.93 589.55
2456781.548081902 100762.7 397.904 589.535
2456781.568513515 100809.7 397.849 589.503
2456781.588945127 100824.1 397.813 589.486
2456781.60937664 100785.8 397.796 589.461
2456781.629808352 100806.6 397.765 589.437
2456781.650239965 100790.0 397.734 589.421
2456781.670671478 100833.3 397.684 589.389
2456781.691103191 100865.3 397.641 589.367
2456781.711534804 100341.9 397.826 589.471
2456781.731966517 100754.6 397.799 589.453
2456781.75239803 100745.1 397.743 589.424
2456781.772829643 100778.5 397.709 589.402
2456781.793261357 100815.7 397.648 589.363
2456781.813692871 100738.0 397.619 589.343
2456781.834124484 100619.9 397.595 589.312
2456781.854556198 100562.6 397.532 589.277
2456781.874987712 100593.6 397.503 589.258
2456781.895419326 100518.7 397.445 589.227
2456781.91585104 100463.2 397.407 589.194
2456781.936282654 100366.5 397.387 589.167
2456781.956714269 100185.2 397.802 589.447
2456781.977145883 100719.9 397.813 589.471
2456781.997577498 100709.2 397.76 589.439
2456782.018009113 100735.3 397.691 589.396
2456782.038440727 100750.8 397.66 589.373
2456782.058872342 100668.7 397.595 589.322
2456782.079304057 100550.3 397.529 589.283
2456782.099735572 100541.4 397.479 589.248
2456782.120167187 100418.5 397.416 589.177
2456782.140598903 100381.6 397.364 589.16
2456782.161030419 100397.6 397.306 589.119
2456782.181462134 100549.0 397.236 589.094
2456782.20189375 99977.3 397.703 589.414
2456782.222325265 100683.1 397.731 589.406
2456782.242756981 100774.0 397.666 589.37
2456782.263188498 100698.9 397.613 589.326
2456782.283620114 100582.2 397.541 589.286
2456782.30405183 100552.0 397.491 589.248
2456782.324483347 100455.2 397.434 589.204
2456782.344915063 100386.3 397.359 589.161
2456782.365346679 100372.8 397.313 589.139
2456782.385778196 100458.6 397.264 589.092
2456782.406209913 100675.9 397.203 589.063
2456782.42664153 100915.3 397.153 589.039
2456782.447073147 100088.4 397.561 589.306
2456782.467504764 100734.6 397.606 589.323
2456782.487936382 100599.9 397.546 589.275
2456782.508367999 100569.0 397.47 589.226
2456782.528799617 100477.5 397.417 589.196
2456782.549231234 100426.7 397.363 589.17
2456782.569662952 100442.5 397.297 589.119
2456782.59009457 100572.7 397.249 589.096
2456782.610526088 100805.4 397.185 589.055
2456782.630957806 101017.6 397.144 589.032
2456782.651389425 101168.6 397.078 588.986
2456782.671820943 101277.9 397.014 588.942
2456782.692252662 95624.41 398.117 589.674
2456782.71268428 101221.0 398.277 589.776
2456782.733115799 101238.4 398.212 589.744
2456782.753547518 101073.0 398.16 589.709
2456782.773979137 100826.2 398.159 589.6
2456782.794410856 100811.6 398.114 589.564
2456782.814842375 100757.5 398.053 589.533
2456782.835273995 100764.6 397.918 589.54
2456782.855705714 100852.2 397.867 589.504
2456782.876137233 100853.9 397.795 589.457
2456782.896568753 100854.9 397.737 589.415
2456782.917000473 100918.0 397.661 589.369
2456782.937432093 99987.51 398.12 589.678
2456782.957863713 101120.9 398.315 589.804
2456782.978295333 101317.3 398.239 589.758
2456782.998726954 101218.9 398.169 589.718
2456783.019158674 100959.9 398.117 589.668
2456783.039590195 100858.0 398.097 589.56
2456783.060021815 100822.5 398.039 589.524
2456783.080453536 100902.3 397.889 589.514
2456783.100885157 100913.4 397.808 589.461
2456783.121316678 100902.7 397.74 589.421
2456783.141748399 101009.2 397.643 589.354
2456783.162180021 100834.0 397.574 589.303
2456783.203043264 100925.7 397.809 589.465
2456783.223474885 100975.4 397.812 589.473
2456783.243906607 100963.6 397.762 589.451
2456783.264338129 100967.3 397.713 589.43
2456783.284769751 100994.0 397.717 589.403
2456783.305201474 101052.7 397.673 589.364
2456783.325632996 101064.1 397.666 589.334
2456783.346064618 100929.0 397.62 589.314
2456783.366496341 100834.9 397.559 589.288
2456783.386927864 100886.7 397.525 589.274
2456783.407359586 100853.4 397.469 589.236
2456783.427791209 100567.3 397.768 589.431
2456783.448222732 101042.6 397.787 589.449
2456783.468654456 101052.7 397.728 589.412
2456783.489086079 101110.9 397.696 589.391
2456783.509517603 101106.7 397.633 589.351
2456783.529949326 101035.7 397.59 589.334
2456783.55038085 100998.5 397.58 589.304
2456783.570812574 100941.7 397.511 589.246
2456783.591244197 100919.7 397.491 589.22
2456783.611675722 100811.7 397.427 589.193
2456783.632107446 100788.4 397.375 589.161
2456783.65253907 100785.9 397.33 589.143
2456783.672970695 99594.77 398.03 589.614
2456783.693402319 101275.2 398.116 589.685
2456783.713833944 101162.2 398.165 589.596
2456783.734265569 101149.9 398.115 589.557
2456783.754697194 101133.8 398.07 589.54
2456783.775128819 101102.5 398.015 589.499
2456783.795560544 101156.6 397.892 589.519
2456783.81599217 101202.3 397.854 589.494
2456783.836423696 101210.5 397.795 589.444
2456783.856855421 101227.7 397.753 589.412
2456783.877287047 101294.4 397.69 589.39
2456783.897718573 101298.4 397.631 589.343
2456783.918150299 101108.6 398.163 589.707
2456783.938581925 101572.0 398.169 589.712
2456783.959013452 101427.5 398.145 589.681
2456783.979445178 101296.9 398.149 589.591
2456783.999876805 101257.6 398.089 589.561
2456784.020308531 101184.6 398.028 589.517
2456784.040740058 101265.8 397.914 589.533
2456784.061171685 101308.9 397.885 589.486
2456784.081603413 101323.5 397.836 589.469
2456784.10203494 101352.3 397.764 589.437
2456784.122466567 101377.1 397.71 589.407
2456784.142898295 101432.4 397.662 589.361
2456784.163329822 101089.5 398.129 589.679
2456784.18376145 101591.6 398.157 589.695
2456784.204193078 101382.4 398.148 589.601
2456784.224624706 101370.8 398.106 589.559
2456784.245056435 101342.8 398.068 589.522
2456784.265487963 101293.5 397.994 589.489
2456784.285919591 101424.1 397.879 589.503
2456784.30635132 101447.6 397.807 589.465
2456784.326782949 101468.6 397.743 589.429
2456784.347214478 101440.1 397.708 589.387
2456784.367646207 101467.3 397.628 589.327
2456784.388077836 101364.9 397.582 589.301
2456784.408509465 101071.7 398.076 589.645
2456784.428941095 101480.0 398.16 589.595
2456784.449372725 101461.8 398.115 589.562
2456784.469804454 101424.5 398.042 589.52
2456784.490235984 101438.4 397.915 589.537
2456784.510667614 101506.7 397.866 589.488
2456784.531099344 101516.3 397.793 589.451
2456784.551530875 101539.6 397.734 589.413
2456784.571962505 101574.2 397.663 589.38
2456784.592394236 101499.5 397.611 589.316
2456784.612825767 101427.0 397.568 589.286
2456784.633257497 101401.4 397.489 589.236
2456784.653689128 101009.0 397.923 589.533
2456784.674120659 101445.0 397.999 589.49
2456784.694552391 101582.5 397.867 589.499
2456784.714984022 101587.1 397.799 589.461
2456784.735415654 101577.3 397.73 589.404
2456784.755847286 101677.5 397.663 589.366
2456784.776278917 101536.1 397.596 589.309
2456784.796710549 101431.4 397.525 589.267
2456784.817142182 101441.8 397.472 589.227
2456784.837573814 101294.1 397.391 589.169
2456784.858005446 101296.0 397.327 589.129
2456784.878437079 101451.4 397.246 589.089
2456784.898868712 99817.71 397.993 589.577
2456784.919300344 101639.6 398.111 589.566
2456784.939731977 101580.1 398.036 589.518
2456784.960163611 101624.9 397.902 589.515
2456784.980595344 101690.0 397.834 589.478
2456785.001026877 101679.3 397.75 589.426
2456785.021458611 101698.3 397.705 589.389
2456785.041890244 101695.4 397.615 589.324
2456785.062321778 101565.9 397.546 589.279
2456785.082753513 101537.1 397.482 589.228
2456785.103185147 101422.4 397.404 589.188
2456785.123616681 101397.3 397.347 589.146
2456785.16448005 99577.67 397.933 589.556
2456785.184911585 101669.9 398.113 589.575
2456785.20534332 101683.0 398.087 589.534
2456785.225774955 101608.3 397.986 589.569
2456785.24620669 101655.8 397.938 589.523
2456785.266638225 101736.6 397.89 589.494
2456785.287069861 101759.4 397.817 589.473
2456785.307501596 101788.9 397.767 589.43
2456785.327933132 101776.9 397.722 589.416
2456785.348364768 101825.5 397.672 589.37
2456785.368796504 101808.2 397.625 589.324
2456785.38922804 101460.4 398.108 589.664
2456785.409659677 101820.4 398.171 589.609
2456785.430091413 101768.1 398.119 589.589
2456785.45052305 101711.7 398.065 589.533
2456785.470954687 101724.3 398.033 589.514
2456785.491386324 101701.2 397.934 589.512
2456785.511817961 101795.2 397.844 589.474
2456785.532249598 101824.4 397.799 589.446
2456785.552681236 101844.5 397.71 589.392
2456785.573112773 101924.6 397.664 589.362
2456785.593544511 101799.0 397.607 589.332
2456785.613976149 101662.9 397.533 589.268
2456785.634407787 100776.6 397.919 589.528
2456785.654839425 101718.7 398.023 589.485
2456785.675271064 101852.4 397.889 589.511
2456785.695702802 101860.8 397.846 589.479
2456785.716134341 101878.1 397.763 589.439
2456785.736565979 101864.5 397.731 589.399
2456785.756997718 101926.7 397.68 589.364
2456785.777429258 101841.1 397.605 589.319
2456785.797860897 101747.4 397.547 589.282
2456785.818292636 101728.4 397.486 589.233
2456785.838724175 101675.1 397.448 589.211
2456785.859155915 101572.5 397.406 589.176
2456785.879587555 101047.2 398.054 589.613
2456785.900019095 101918.0 398.157 589.599
2456785.920450835 101865.5 398.077 589.54
2456785.940882476 101798.4 398.012 589.515
2456785.961314116 101890.8 397.888 589.489
2456785.981745757 101913.4 397.831 589.458
2456786.002177398 101928.0 397.789 589.437
2456786.022609039 101964.0 397.692 589.378
2456786.04304068 101980.0 397.64 589.357
2456786.063472321 101874.9 397.604 589.317
2456786.083904062 101786.2 397.554 589.274
2456786.104335704 101756.3 397.497 589.243
2456786.124767246 101456.6 398.139 589.689
2456786.145198988 102226.7 398.17 589.705
2456786.16563063 101973.0 398.121 589.651
2456786.186062172 101912.3 398.094 589.548
2456786.206493914 101872.4 398.038 589.505
2456786.226925457 101933.4 397.884 589.509
2456786.247357199 101971.4 397.804 589.462
2456786.267788842 101946.9 397.739 589.413
2456786.288220386 102051.4 397.666 589.353
2456786.308652129 101960.7 397.613 589.317
2456786.329083772 101845.0 397.543 589.274
2456786.349515315 101804.0 397.498 589.244
2456786.369947059 101560.8 397.867 589.488
2456786.390378703 102007.2 397.848 589.482
2456786.410810247 102006.7 397.797 589.445
2456786.431241991 102012.3 397.702 589.39
2456786.451673635 101981.5 397.615 589.33
2456786.47210538 101864.2 397.556 589.268
2456786.492536924 101804.9 397.45 589.221
2456786.512968569 101683.8 397.397 589.164
2456786.533400314 101681.4 397.313 589.124
2456786.553831859 101873.6 397.24 589.066
2456786.574263504 102171.0 397.17 589.038
2456786.59469525 102477.4 397.09 588.986
2456786.615126895 100749.2 397.68 589.375
2456786.635558541 102104.7 397.689 589.374
2456786.655990187 102021.2 397.613 589.324
2456786.676421833 101909.0 397.537 589.265
2456786.696853479 101846.2 397.458 589.208
2456786.717285126 101772.1 397.391 589.175
2456786.737716772 101757.3 397.312 589.123
2456786.758148519 101838.3 397.265 589.08
2456786.778580065 102070.1 397.203 589.065
2456786.799011712 102310.5 397.147 589.013
2456786.81944336 102517.5 397.093 588.988
2456786.839875007 102578.2 397.026 588.94
2456786.860306755 98853.45 397.572 589.297
2456786.880738303 102088.8 397.727 589.408
2456786.90116995 102188.9 397.67 589.359
2456786.921601698 102021.2 397.593 589.297
2456786.942033247 101954.8 397.507 589.252
2456786.962464895 101881.8 397.445 589.202
2456786.982896643 101780.4 397.373 589.156
2456787.003328192 101843.6 397.285 589.101
2456787.023759841 102024.1 397.217 589.063
2456787.04419159 102423.4 397.136 589.014
2456787.064623139 102595.8 397.075 588.974
2456787.085054888 102658.1 397.006 588.915
2456787.125918188 102157.9 398.159 589.59
2456787.146349838 102135.7 398.114 589.575
2456787.166781487 102096.6 398.09 589.565
2456787.187213138 102056.5 398.065 589.53
2456787.207644788 102051.0 398.017 589.5
2456787.228076438 102008.8 398.006 589.476
2456787.248508189 102107.4 397.888 589.484
2456787.26893974 102081.2 397.85 589.446
2456787.289371391 102144.3 397.781 589.435
2456787.309803143 102171.6 397.731 589.408
2456787.330234794 102196.2 397.701 589.38
2456787.350666346 101780.4 397.934 589.541
2456787.371098097 102102.7 398.028 589.505
2456787.391529749 102102.2 397.919 589.532
2456787.411961301 102184.4 397.869 589.488
2456787.432393053 102186.8 397.816 589.46
2456787.452824706 102146.2 397.745 589.427
2456787.473256358 102205.2 397.729 589.396
2456787.493688011 102229.8 397.68 589.362
2456787.514119664 102223.6 397.631 589.33
2456787.534551417 102111.9 397.608 589.295
2456787.55498297 101989.6 397.534 589.252
2456787.575414624 102061.7 397.493 589.233
2456787.595846277 101855.5 397.746 589.413
2456787.616277931 102240.8 397.729 589.407
2456787.636709685 102242.7 397.685 589.386
2456787.657141239 102198.2 397.641 589.318
2456787.677572893 102130.9 397.59 589.299
2456787.698004648 102048.6 397.532 589.258
2456787.718436203 102048.4 397.475 589.226
2456787.738867857 101974.0 397.431 589.201
2456787.759299613 101884.1 397.385 589.149
2456787.779731167 101874.0 397.338 589.126
2456787.800162823 101986.2 397.267 589.088
2456787.820594579 102149.9 397.214 589.057
2456787.841026234 100977.2 397.715 589.39
2456787.86145789 102241.5 397.741 589.415
2456787.881889546 102284.3 397.699 589.379
2456787.902321202 102297.3 397.64 589.332
2456787.922752859 102146.7 397.581 589.288
2456787.943184515 102104.2 397.526 589.264
2456787.963616172 102086.4 397.461 589.217
2456787.984047929 102004.5 397.421 589.198
2456788.004479486 101873.4 397.361 589.136
2456788.024911143 101921.3 397.316 589.102
2456788.045342901 102040.1 397.246 589.07
2456788.065774458 102302.8 397.182 589.044
2456788.086206216 100167.9 397.883 589.502
2456788.106637874 102206.1 398.025 589.498
2456788.127069432 102268.9 397.901 589.511
2456788.147501191 102253.1 397.832 589.479
2456788.167932849 102289.6 397.765 589.428
2456788.188364408 102316.3 397.723 589.39
2456788.208796167 102376.2 397.649 589.324
2456788.229227726 102190.3 397.587 589.294
2456788.249659485 102141.5 397.524 589.251
2456788.270091145 102108.8 397.456 589.211
2456788.290522704 102002.6 397.406 589.178
2456788.310954464 101922.7 397.343 589.129
2456788.331386124 101987.4 397.632 589.326
2456788.351817784 102278.6 397.612 589.317
2456788.372249444 102164.1 397.549 589.27
2456788.392681105 102142.1 397.491 589.232
2456788.413112766 102042.4 397.424 589.178
2456788.433544427 102000.3 397.371 589.153
2456788.453976088 101951.3 397.322 589.124
2456788.474407849 102123.6 397.255 589.081
2456788.49483951 102269.4 397.213 589.05
2456788.515271072 102629.7 397.139 589.014
2456788.535702834 102807.3 397.088 588.985
2456788.556134495 102855.8 397.026 588.931
2456788.576566058 99949.71 397.622 589.335
2456788.59699782 102368.8 397.748 589.401
2456788.617429483 102462.3 397.663 589.353
2456788.637861245 102321.7 397.602 589.308
2456788.658292808 102200.4 397.513 589.253
2456788.678724471 102160.6 397.454 589.21
2456788.699156235 102078.0 397.377 589.167
2456788.719587798 102051.6 397.323 589.128
2456788.740019462 102217.2 397.246 589.084
2456788.760451226 102485.6 397.176 589.039
2456788.780882789 102716.7 397.134 589.017
2456788.801314454 102872.2 397.043 588.956
2456788.821746218 100672.6 397.635 589.345
2456788.842177783 102435.6 397.717 589.391
2456788.862609547 102351.9 397.613 589.312
2456788.883041112 102266.4 397.559 589.274
2456788.903472777 102233.2 397.461 589.205
2456788.923904542 102119.3 397.394 589.167
2456788.944336108 102089.8 397.314 589.119
2456788.964767774 102234.2 397.248 589.068
2456788.985199539 102485.4 397.182 589.037
2456789.005631206 102873.2 397.105 588.99
2456789.026062872 102916.1 397.04 588.948
2456789.046494538 102795.3 396.96 588.864
2456789.087357872 102345.5 397.851 589.461
2456789.107789539 102365.8 397.842 589.432
2456789.128221206 102421.6 397.78 589.436
2456789.148652973 102479.9 397.713 589.389
2456789.169084541 102500.2 397.682 589.375
2456789.189516209 102470.8 397.633 589.328
2456789.209947976 102368.4 397.603 589.306
2456789.230379545 102313.5 397.565 589.279
2456789.250811313 102287.7 397.51 589.232
2456789.271242981 102250.4 397.469 589.216
2456789.29167455 102148.5 397.396 589.183
2456789.312106319 101071.4 397.626 589.326
2456789.332537988 102532.7 397.666 589.353
2456789.352969558 102456.4 397.619 589.312
2456789.373401327 102302.8 397.583 589.278
2456789.393832996 102219.6 397.541 589.229
2456789.414264766 102283.7 397.482 589.212
2456789.434696336 102180.5 397.422 589.192
2456789.455128007 102144.8 397.381 589.153
2456789.475559777 102110.4 397.331 589.135
2456789.495991347 102156.9 397.293 589.096
2456789.516423018 102207.1 397.259 589.066
2456789.536854689 102499.0 397.188 589.036
2456789.55728636 100439.3 397.719 589.383
2456789.577718032 102459.3 397.835 589.459
2456789.598149703 102478.8 397.783 589.43
2456789.618581375 102510.2 397.726 589.406
2456789.639013147 102539.0 397.684 589.359
2456789.65944472 102556.5 397.644 589.314
2456789.679876392 102340.0 397.552 589.271
2456789.700308164 102331.1 397.514 589.244
2456789.720739837 102256.7 397.452 589.197
2456789.74117141 102175.5 397.396 589.167
2456789.761603183 102133.6 397.368 589.132
2456789.782034856 102256.2 397.276 589.1
2456789.80246643 100938.8 397.716 589.389
2456789.822898204 102513.0 397.773 589.425
2456789.843329878 102537.6 397.719 589.385
2456789.863761652 102567.1 397.657 589.36
2456789.884193226 102410.0 397.59 589.291
2456789.904624901 102369.2 397.558 589.257
2456789.925056675 102326.2 397.49 589.208
2456789.94548825 102248.5 397.424 589.181
2456789.965919925 102164.1 397.362 589.139
2456789.9863517 102181.1 397.311 589.113
2456790.006783276 102272.1 397.268 589.08
2456790.027215052 102507.4 397.198 589.043
2456790.047646728 99839.64 397.767 589.417
2456790.068078304 102513.3 397.878 589.492
2456790.08851008 102495.9 397.834 589.463
2456790.108941757 102501.0 397.794 589.431
2456790.129373333 102539.8 397.727 589.384
2456790.14980511 102627.5 397.682 589.352
2456790.170236787 102479.9 397.6 589.294
2456790.190668465 102385.7 397.562 589.271
2456790.211100142 102342.1 397.478 589.229
2456790.23153182 102294.6 397.443 589.179
2456790.251963498 102192.7 397.373 589.147
2456790.272395176 102224.7 397.306 589.101
2456790.292826854 101687.1 397.589 589.301
2456790.313258532 102458.8 397.587 589.288
2456790.333690211 102400.5 397.538 589.255
2456790.35412189 102372.9 397.482 589.215
2456790.374553669 102222.7 397.408 589.163
2456790.394985248 102201.6 397.351 589.141
2456790.415417028 102260.4 397.291 589.084
2456790.435848708 102385.2 397.238 589.064
2456790.456280288 102711.2 397.163 589.024
2456790.476712068 102996.7 397.108 588.99
2456790.497143748 103037.2 397.061 588.95
2456790.517575329 103045.3 397.005 588.889
2456790.538007109 100339.2 397.549 589.272
2456790.55843879 102665.5 397.671 589.347
2456790.578870571 102548.1 397.613 589.307
2456790.599302153 102388.8 397.528 589.246
2456790.619733834 102399.9 397.49 589.225
2456790.640165616 102244.5 397.413 589.173
2456790.660597198 102194.8 397.352 589.127
2456790.68102888 102242.5 397.298 589.105
2456790.701460662 102370.2 397.239 589.055
2456790.721892245 102573.4 397.191 589.034
2456790.742323928 102941.4 397.119 588.997
2456790.762755711 102982.9 397.085 588.96
2456790.783187394 100069.3 397.73 589.386
2456790.803619077 102524.0 397.871 589.474
2456790.824050761 102531.7 397.808 589.434
2456790.844482445 102566.4 397.729 589.397
2456790.864914129 102659.8 397.677 589.349
2456790.885345813 102484.2 397.598 589.294
2456790.905777398 102395.7 397.552 589.266
2456790.926209182 102373.3 397.481 589.206
2456790.946640867 102272.8 397.423 589.179
2456790.967072552 102171.8 397.343 589.13
2456790.987504237 102238.1 397.305 589.093
2456791.007935923 102350.1 397.242 589.063
2456791.048799295 102503.1 397.817 589.441
2456791.069230981 102559.7 397.72 589.383
2456791.089662767 102634.0 397.653 589.349
2456791.110094353 102438.0 397.6 589.295
2456791.13052604 102368.1 397.539 589.272
2456791.150957827 102329.8 397.504 589.223
2456791.171389414 102302.1 397.462 589.194
2456791.191821202 102180.4 397.433 589.163
2456791.212252889 102116.1 397.36 589.127
2456791.232684477 102060.0 397.347 589.104
2456791.253116265 102277.8 397.269 589.088
2456791.273547953 99641.02 397.598 589.294
2456791.293979541 102536.5 397.751 589.403
2456791.31441133 102572.8 397.704 589.382
2456791.334843019 102588.5 397.673 589.357
2456791.355274808 102511.0 397.626 589.311
2456791.375706397 102391.4 397.588 589.28
2456791.396138087 102376.2 397.536 589.242
2456791.416569876 102328.3 397.499 589.227
2456791.437001466 102212.2 397.44 589.202
2456791.457433156 102223.9 397.421 589.176
2456791.477864947 102147.1 397.367 589.137
2456791.498296637 102161.6 397.329 589.11
2456791.518728228 100835.3 397.745 589.388
2456791.539160019 102452.5 397.83 589.442
2456791.55959161 102459.9 397.786 589.42
2456791.580023401 102487.8 397.733 589.372
2456791.600455093 102571.1 397.674 589.362
2456791.620886685 102547.0 397.641 589.325
2456791.641318477 102357.1 397.579 589.294
2456791.661750169 102266.8 397.563 589.259
2456791.682181762 102322.6 397.521 589.222
2456791.702613554 102288.0 397.472 589.211
2456791.723045247 102202.8 397.421 589.165
2456791.74347704 102151.0 397.378 589.155
2456791.763908634 101804.5 397.691 589.359
2456791.784340328 102458.0 397.772 589.42
2456791.804772121 102457.7 397.75 589.384
2456791.825203715 102523.9 397.695 589.352
2456791.845635409 102555.4 397.653 589.337
2456791.866067204 102374.4 397.598 589.287
2456791.886498799 102313.9 397.566 589.266
2456791.906930493 102268.2 397.513 589.237
2456791.927362288 102272.8 397.482 589.209
2456791.947793884 102127.2 397.421 589.178
2456791.968225679 102100.5 397.389 589.148
2456791.988657375 102076.4 397.332 589.118
2456792.009089071 100982.0 397.726 589.384
2456792.029520767 102388.1 397.804 589.44
2456792.049952463 102436.5 397.749 589.39
2456792.07038416 102450.3 397.72 589.368
2456792.090815857 102502.8 397.656 589.32
2456792.111247554 102343.3 397.611 589.295
2456792.131679351 102263.6 397.556 589.263
2456792.152111049 102226.4 397.512 589.232
2456792.172542647 102220.4 397.482 589.209
2456792.192974444 102096.8 397.432 589.18
2456792.213406043 102043.3 397.386 589.151
2456792.233837741 102036.3 397.339 589.121
2456792.254269539 101323.8 397.729 589.389
2456792.274701138 102323.7 397.786 589.409
2456792.295132937 102404.6 397.72 589.371
2456792.315564637 102453.1 397.672 589.34
2456792.335996236 102320.1 397.62 589.304
2456792.356428036 102190.7 397.576 589.288
2456792.376859736 102138.3 397.517 589.236
2456792.397291336 102120.1 397.499 589.212
2456792.417723136 102032.0 397.428 589.172
2456792.438154837 101928.8 397.388 589.156
2456792.458586438 101957.5 397.333 589.113
2456792.479018239 102024.8 397.279 589.081
2456792.49944994 101807.9 397.683 589.352
2456792.519881742 102385.9 397.683 589.351
2456792.540313343 102324.4 397.635 589.316
2456792.560745045 102135.4 397.569 589.266
2456792.581176847 102092.9 397.526 589.24
2456792.60160845 102050.1 397.466 589.198
2456792.622040152 101981.3 397.412 589.17
2456792.642471955 101888.7 397.367 589.139
2456792.662903658 101902.2 397.321 589.104
2456792.683335362 101951.9 397.278 589.078
2456792.703767065 102131.2 397.215 589.034
2456792.724198769 102306.7 397.173 589.024
2456792.744630473 98451.95 397.919 589.515
2456792.765062177 102245.1 398.127 589.636
2456792.785493881 102173.4 398.137 589.558
2456792.805925586 102138.1 398.076 589.516
2456792.826357291 102052.8 398.025 589.477
2456792.846788996 102120.7 397.899 589.49
2456792.867220801 102135.7 397.847 589.455
2456792.887652407 102151.2 397.769 589.407
2456792.908084213 102170.9 397.714 589.378
2456792.928515819 102179.0 397.644 589.313
2456792.948947525 102025.6 397.588 589.28
2456792.969379331 101954.4 397.532 589.239
2456793.010242645 101816.8 397.777 589.405
2456793.030674452 102092.0 397.761 589.396
2456793.051106059 102134.3 397.716 589.37
2456793.071537867 102109.4 397.635 589.333
2456793.091969575 101955.8 397.603 589.294
2456793.112401183 101861.8 397.526 589.254
2456793.132832991 101904.2 397.52 589.229
2456793.1532647 101773.1 397.473 589.206
2456793.173696309 101720.0 397.443 589.166
2456793.194128118 101676.4 397.413 589.134
2456793.214559827 101649.9 397.345 589.122
2456793.234991536 99713.39 397.935 589.524
2456793.255423246 102028.4 398.139 589.562
2456793.275854956 101994.4 398.119 589.543
2456793.296286766 101958.2 398.05 589.508
2456793.316718377 101907.0 398.033 589.482
2456793.337150088 101854.6 397.988 589.448
2456793.357581898 101971.0 397.871 589.475
2456793.378013609 101952.5 397.841 589.455
2456793.398445221 101963.6 397.786 589.433
2456793.418877032 101969.1 397.762 589.4
2456793.439308744 102006.1 397.709 589.362
2456793.459740556 102044.8 397.688 589.346
2456793.480172168 101611.9 397.837 589.437
2456793.500603881 101911.4 397.845 589.442
2456793.521035694 101882.8 397.804 589.414
2456793.541467307 101925.0 397.75 589.398
2456793.56189892 101976.6 397.707 589.369
2456793.582330734 101995.8 397.651 589.33
2456793.602762447 101878.8 397.633 589.32
2456793.623194261 101699.0 397.586 589.252
2456793.643625875 101744.0 397.54 589.243
2456793.66405759 101725.2 397.491 589.215
2456793.684489404 101625.9 397.439 589.178
2456793.704921019 101549.8 397.383 589.155
2456793.725352734 101197.5 397.678 589.346
2456793.74578455 101889.0 397.714 589.372
2456793.766216165 101966.2 397.672 589.334
2456793.786647881 101876.3 397.633 589.31
2456793.807079697 101728.9 397.577 589.266
2456793.827511313 101693.3 397.541 589.247
2456793.847943129 101666.7 397.488 589.215
2456793.868374846 101560.1 397.445 589.184
2456793.888806563 101483.5 397.415 589.155
2456793.90923828 101417.2 397.357 589.121
2456793.929669998 101427.5 397.333 589.104
2456793.950101716 101518.3 397.275 589.079
2456793.970533433 100105.9 397.905 589.501
2456793.990965152 101708.4 398.064 589.509
2456794.01139697 101633.2 398.039 589.476
2456794.031828689 101722.8 397.928 589.498
2456794.052260308 101696.3 397.873 589.459
2456794.072692127 101707.7 397.833 589.445
2456794.093123846 101713.9 397.775 589.413
2456794.113555466 101746.3 397.741 589.386
2456794.133987286 101835.4 397.681 589.343
2456794.154419006 101770.8 397.636 589.315
2456794.174850726 101576.7 397.571 589.27
2456794.195282447 101545.9 397.523 589.239
2456794.215714068 101298.0 397.833 589.438
2456794.236145888 101659.0 397.839 589.435
2456794.25657761 101681.0 397.796 589.414
2456794.277009232 101718.4 397.726 589.371
2456794.297441053 101723.8 397.69 589.361
2456794.317872775 101604.0 397.6 589.291
2456794.338304398 101521.9 397.567 589.264
2456794.35873622 101470.1 397.528 589.224
2456794.379167943 101458.0 397.47 589.193
2456794.399599766 101363.2 397.422 589.163
2456794.420031389 101299.1 397.366 589.135
2456794.440463113 101236.6 397.333 589.108
2456794.460894936 101184.0 397.676 589.341
2456794.48132656 101695.2 397.694 589.352
2456794.501758284 101587.6 397.619 589.299
2456794.522190109 101438.9 397.57 589.269
2456794.542621834 101408.2 397.521 589.22
2456794.563053559 101390.1 397.465 589.192
2456794.583485284 101275.0 397.4 589.158
2456794.603917009 101205.7 397.341 589.117
2456794.624348735 101242.3 397.305 589.083
2456794.644780461 101389.7 397.245 589.054
2456794.665212187 101524.0 397.198 589.017
2456794.685644014 101896.6 397.131 588.986
2456794.70607564 100098.2 397.665 589.346
2456794.726507367 101570.0 397.725 589.372
2456794.746939194 101643.8 397.679 589.341
2456794.767370822 101507.1 397.615 589.302
2456794.78780265 101368.8 397.555 589.246
2456794.808234377 101337.4 397.497 589.216
2456794.828666006 101239.6 397.429 589.166
2456794.849097834 101135.8 397.376 589.133
2456794.869529462 101189.1 397.294 589.093
2456794.889961191 101270.8 397.26 589.061
2456794.910393021 101510.6 397.186 589.015
2456794.93082465 101809.6 397.133 588.982
2456794.97168821 101147.2 397.848 589.456
2456794.99211984 101373.3 397.82 589.441
2456795.01255167 101405.9 397.759 589.407
2456795.032983401 101434.9 397.737 589.377
2456795.053415132 101514.5 397.668 589.337
2456795.073846863 101467.9 397.649 589.307
2456795.094278594 101258.9 397.58 589.272
2456795.114710426 101210.9 397.542 589.259
2456795.135142058 101160.7 397.491 589.227
2456795.15557379 101155.4 397.464 589.194
2456795.176005622 101088.8 397.435 589.163
2456795.196437255 101023.5 397.751 589.389
2456795.216868988 101239.2 397.762 589.365
2456795.237300821 101371.1 397.702 589.334
2456795.257732554 101424.2 397.663 589.325
2456795.278164188 101249.8 397.598 589.277
2456795.298596022 101184.5 397.566 589.261
2456795.319027756 101141.5 397.519 589.226
2456795.339459591 101136.7 397.481 589.207
2456795.359891226 101058.5 397.444 589.178
2456795.38032296 101010.9 397.406 589.15
2456795.400754795 100963.9 397.373 589.131
2456795.421186431 100965.4 397.323 589.104
2456795.441618166 99891.3 397.82 589.436
2456795.462050003 101233.6 397.858 589.478
2456795.482481638 101262.6 397.851 589.447
2456795.502913475 101234.1 397.81 589.419
2456795.523345112 101235.8 397.779 589.389
2456795.543776849 101245.7 397.74 589.36
2456795.564208686 101281.3 397.695 589.34
2456795.584640324 101282.3 397.638 589.32
2456795.605072061 101163.6 397.592 589.274
2456795.625503899 101076.2 397.553 589.262
2456795.645935537 101019.9 397.502 589.213
2456795.666367376 101033.3 397.474 589.196
2456795.686799115 100308.9 397.817 589.405
2456795.707230854 101173.5 397.852 589.451
2456795.727662593 101194.6 397.812 589.431
2456795.748094332 101211.2 397.759 589.383
2456795.768526072 101215.1 397.733 589.375
2456795.788957812 101299.5 397.672 589.34
2456795.809389553 101229.4 397.65 589.309
2456795.829821293 101062.8 397.599 589.278
2456795.850253134 101034.0 397.568 589.263
2456795.870684775 100994.4 397.52 589.222
2456795.891116616 101009.9 397.48 589.2
2456795.911548358 100903.7 397.432 589.175
2456795.931979999 100596.9 397.923 589.492
2456795.952411842 101034.6 398.039 589.476
2456795.972843584 101102.7 397.899 589.485
2456795.993275227 101102.0 397.875 589.462
2456796.01370707 101115.6 397.805 589.428
2456796.034138813 101112.4 397.771 589.403
2456796.054570656 101199.5 397.724 589.371
2456796.0750023 101233.7 397.691 589.332
2456796.095434044 101109.5 397.633 589.293
2456796.115865788 100980.4 397.569 589.257
2456796.136297532 100945.3 397.525 589.23
2456796.156729277 100903.7 397.466 589.19
2456796.177161022 100704.7 397.773 589.398
2456796.197592767 101108.3 397.771 589.392
2456796.218024612 101113.0 397.721 589.369
2456796.238456258 101180.6 397.66 589.326
2456796.258888004 101015.7 397.603 589.286
2456796.279319851 100964.5 397.574 589.255
2456796.299751497 100883.4 397.51 589.211
2456796.320183244 100852.3 397.463 589.182
2456796.340615091 100753.1 397.405 589.149
2456796.361046738 100714.4 397.366 589.121
2456796.381478486 100639.6 397.303 589.099
2456796.401910333 100806.9 397.263 589.055
2456796.422342082 98647.89 397.951 589.516
2456796.44277383 101066.4 398.149 589.537
2456796.463205579 101041.6 398.106 589.518
2456796.483637328 100937.6 398.04 589.481
2456796.504069077 100884.0 397.997 589.454
2456796.524500826 101003.8 397.868 589.456
2456796.544932576 100976.0 397.839 589.436
2456796.565364426 101039.3 397.77 589.396
2456796.585796076 101061.7 397.72 589.368
2456796.606227926 101097.4 397.67 589.327
2456796.626659677 100982.6 397.621 589.287
2456796.647091328 100875.4 397.571 589.26
2456796.66752318 100631.4 397.873 589.464
2456796.687954931 100956.1 397.886 589.478
2456796.708386583 100943.1 397.835 589.433
2456796.728818435 100994.4 397.79 589.404
2456796.749250187 101047.2 397.727 589.367
2456796.76968194 101126.9 397.678 589.336
2456796.790113693 100961.5 397.62 589.291
2456796.810545446 100843.3 397.572 589.26
2456796.830977199 100809.9 397.523 589.22
2456796.851408953 100791.1 397.468 589.186
2456796.871840707 100668.9 397.416 589.156
2456796.892272461 100613.4 397.376 589.119
2456796.93313597 101004.4 397.719 589.362
2456796.953567726 101047.8 397.673 589.33
2456796.973999481 100897.9 397.602 589.289
2456796.994431336 100828.5 397.584 589.251
2456797.014862992 100704.7 397.532 589.212
2456797.035294748 100628.1 397.512 589.193
2456797.055726605 100668.8 397.472 589.169
2456797.076158361 100640.3 397.409 589.15
2456797.096590018 100630.7 397.378 589.127
2456797.117021875 100630.5 397.331 589.103
2456797.137453633 100647.8 397.312 589.09
2456797.15788539 98972.41 397.673 589.335
2456797.178317148 100932.1 397.901 589.478
2456797.198748907 100927.3 397.862 589.447
2456797.219180765 100930.0 397.84 589.433
2456797.239612424 100952.8 397.793 589.404
2456797.260044183 100969.4 397.766 589.401
2456797.280476043 100917.7 397.722 589.375
2456797.300907702 101071.1 397.701 589.344
2456797.321339562 101107.9 397.664 589.315
2456797.341771322 100951.4 397.617 589.28
2456797.362202982 100827.4 397.598 589.253
2456797.382634843 100748.9 397.538 589.236
2456797.403066604 100700.0 397.819 589.406
2456797.423498265 100943.4 397.8 589.42
2456797.443930127 100989.1 397.773 589.394
2456797.464361889 101024.6 397.726 589.368
2456797.484793751 101062.4 397.674 589.339
2456797.505225413 101021.3 397.656 589.296
2456797.525657076 100863.9 397.603 589.269
2456797.546088939 100853.7 397.559 589.248
2456797.566520702 100821.5 397.503 589.207
2456797.586952466 100783.9 397.471 589.187
2456797.607384229 100696.9 397.421 589.158
2456797.627815993 100645.7 397.405 589.139
2456797.648247757 99626.28 398.003 589.541
2456797.668679522 100987.9 398.108 589.608
2456797.689111287 100974.4 398.13 589.53
2456797.709543152 100979.6 398.073 589.5
2456797.729974917 100908.0 398.054 589.478
2456797.750406583 100864.8 398.011 589.457
2456797.770838449 100838.3 397.992 589.444
2456797.791270215 100947.2 397.88 589.45
2456797.811701882 100989.4 397.856 589.456
2456797.832133748 100982.7 397.811 589.412
2456797.852565515 101017.7 397.769 589.393
2456797.872997383 101078.8 397.709 589.359
2456797.89342905 100705.3 397.943 589.502
2456797.913860818 100864.2 398.029 589.457
2456797.934292686 100935.2 397.915 589.464
2456797.954724355 100967.6 397.873 589.453
2456797.975156123 101035.5 397.801 589.402
2456797.995587992 101045.9 397.756 589.382
2456798.016019662 101119.7 397.692 589.349
2456798.036451531 101124.6 397.659 589.31
2456798.056883301 100970.4 397.599 589.269
2456798.077314971 100903.1 397.541 589.232
2456798.097746842 100862.6 397.479 589.199
2456798.118178612 100776.7 397.424 589.147
2456798.138610283 100221.9 397.794 589.409
2456798.159042154 101055.9 397.823 589.411
2456798.179473826 101076.1 397.764 589.38
2456798.199905698 101186.8 397.691 589.336
2456798.22033747 101054.3 397.631 589.291
2456798.240769142 100908.7 397.544 589.24
2456798.261201015 100880.7 397.512 589.217
2456798.281632788 100829.7 397.474 589.172
2456798.302064561 100794.4 397.429 589.152
2456798.322496334 100767.3 397.402 589.135
2456798.342928108 100743.5 397.353 589.111
2456798.363359882 100755.3 397.326 589.101
2456798.383791656 100243.0 397.856 589.442
2456798.404223431 101029.7 397.909 589.47
2456798.424655306 101075.1 397.842 589.429
2456798.445087081 101110.4 397.799 589.411
2456798.465518756 101154.5 397.726 589.357
2456798.485950632 101246.9 397.684 589.318
2456798.506382408 101066.5 397.61 589.276
2456798.526814085 100988.4 397.566 589.252
2456798.547245961 100985.3 397.503 589.208
2456798.567677738 100915.4 397.461 589.18
2456798.588109615 100879.8 397.425 589.138
2456798.608541293 100766.5 397.357 589.117
2456798.628973071 99938.71 397.885 589.446
2456798.649404949 101037.3 398.015 589.46
2456798.669836627 101118.9 397.918 589.483
2456798.690268405 101149.3 397.84 589.432
2456798.710700284 101155.2 397.805 589.403
2456798.731131963 101230.9 397.718 589.36
2456798.751563843 101322.2 397.679 589.323
2456798.771995622 101124.7 397.611 589.275
2456798.792427302 101059.1 397.565 589.235
2456798.812859183 101014.7 397.5 589.205
2456798.833290863 100957.3 397.437 589.172
2456798.853722644 100894.2 397.395 589.125
2456798.894586207 101130.6 397.949 589.473
2456798.915017989 101124.6 397.917 589.468
2456798.935449871 101093.7 397.91 589.449
2456798.955881653 101222.5 397.842 589.437
2456798.976313435 101236.7 397.817 589.418
2456798.996745219 101266.6 397.782 589.394
2456799.017177002 101282.1 397.754 589.389
2456799.037608785 101347.7 397.716 589.345
2456799.058040569 101437.5 397.688 589.329
2456799.078472353 101345.3 397.643 589.295
2456799.098904237 101224.2 397.601 589.267
2456799.119335922 101024.8 397.875 589.457
2456799.139767807 101268.6 397.868 589.457
2456799.160199592 101237.6 397.841 589.442
2456799.180631278 101329.2 397.794 589.393
2456799.201063163 101354.5 397.773 589.375
2456799.221494949 101403.3 397.714 589.343
2456799.241926636 101450.1 397.694 589.319
2456799.262358523 101349.6 397.649 589.284
2456799.282790309 101282.9 397.619 589.28
2456799.303222197 101216.7 397.556 589.246
2456799.323653884 101227.0 397.532 589.222
2456799.344085672 101185.8 397.488 589.199
2456799.36451756 100683.1 397.789 589.401
2456799.384949248 101355.1 397.844 589.419
2456799.405381037 101338.2 397.802 589.391
2456799.425812926 101383.8 397.758 589.378
2456799.446244616 101527.7 397.701 589.337
2456799.466676505 101546.3 397.669 589.319
2456799.487108195 101379.1 397.604 589.28
2456799.507539985 101308.3 397.573 589.246
2456799.527971875 101245.6 397.546 589.217
2456799.548403566 101248.8 397.503 589.188
2456799.568835357 101183.9 397.449 589.17
2456799.589267249 101169.0 397.415 589.141
2456799.60969904 100403.4 397.746 589.36
2456799.630130732 101441.4 397.816 589.413
2456799.650562624 101468.6 397.787 589.396
2456799.670994417 101533.4 397.733 589.363
2456799.69142621 101556.5 397.707 589.339
2456799.711858003 101549.8 397.651 589.306
2456799.732289796 101457.8 397.621 589.273
2456799.75272169 101381.1 397.558 589.242
2456799.773153384 101377.5 397.523 589.215
2456799.793585178 101306.2 397.477 589.19
2456799.814017073 101267.9 397.448 589.152
2456799.834448768 101180.8 397.419 589.13
2456799.854880663 99480.17 397.871 589.452
2456799.875312458 101491.6 398.087 589.49
2456799.895744154 101388.4 398.036 589.453
2456799.91617605 101355.9 398.012 589.447
2456799.936607847 101510.2 397.879 589.449
2456799.957039543 101528.4 397.863 589.44
2456799.977471441 101535.3 397.802 589.405
2456799.997903238 101583.9 397.772 589.387
2456800.018335135 101697.4 397.72 589.363
2456800.038766833 101720.2 397.679 589.325
2456800.059198631 101625.5 397.643 589.291
2456800.07963043 101516.4 397.603 589.253
2456800.100062228 101250.6 397.894 589.456
2456800.120494028 101543.7 397.895 589.457
2456800.140925827 101566.2 397.867 589.442
2456800.161357626 101588.1 397.809 589.4
2456800.181789526 101602.8 397.779 589.395
2456800.202221227 101713.2 397.712 589.351
2456800.222653027 101713.3 397.7 589.319
2456800.243084928 101624.2 397.619 589.283
2456800.263516629 101536.5 397.585 589.243
2456800.283948431 101488.1 397.532 589.227
2456800.304380333 101489.7 397.492 589.184
2456800.324812135 101400.7 397.445 589.161
2456800.345243837 100820.9 397.812 589.406
2456800.365675739 101628.6 397.873 589.442
2456800.386107543 101662.4 397.818 589.407
2456800.406539446 101680.2 397.773 589.393
2456800.42697115 101788.4 397.723 589.346
2456800.447402953 101804.0 397.697 589.332
2456800.467834857 101705.8 397.625 589.275
2456800.488266562 101590.3 397.586 589.258
2456800.508698367 101570.1 397.521 589.21
2456800.529130272 101537.3 397.494 589.192
2456800.549561977 101488.4 397.445 589.145
2456800.569993883 101390.1 397.397 589.13
2456800.590425689 101478.3 397.633 589.288
2456800.610857395 101755.9 397.637 589.283
2456800.631289302 101671.6 397.581 589.248
2456800.651721109 101605.8 397.528 589.211
2456800.672152816 101616.5 397.485 589.189
2456800.692584724 101494.7 397.421 589.139
2456800.713016531 101439.6 397.381 589.115
2456800.73344834 101475.0 397.32 589.07
2456800.753880148 101499.6 397.283 589.049
2456800.774311957 101756.8 397.209 589.009
2456800.794743866 101960.1 397.164 588.99
2456800.815175575 102134.6 397.118 588.94
2456800.856039195 101784.0 397.83 589.41
2456800.876471005 101772.0 397.828 589.408
2456800.896902916 101724.9 397.808 589.378
2456800.917334727 101823.0 397.798 589.364
2456800.937766438 101796.9 397.753 589.351
2456800.958198349 101960.5 397.718 589.347
2456800.978630161 101951.7 397.693 589.334
2456800.999061873 101922.9 397.653 589.295
2456801.019493786 101833.0 397.618 589.275
2456801.039925599 101815.5 397.582 589.238
2456801.060357311 101740.9 397.562 589.228
2456801.080789225 101651.0 397.773 589.372
2456801.101221038 101957.2 397.799 589.401
2456801.121652952 101953.1 397.746 589.361
2456801.142084667 101927.3 397.716 589.353
2456801.162516481 101982.9 397.665 589.31
2456801.182948396 101983.9 397.648 589.294
2456801.203380111 101877.2 397.604 589.254
2456801.223811927 101779.2 397.58 589.234
2456801.244243843 101694.7 397.549 589.215
2456801.264675559 101750.7 397.505 589.188
2456801.285107475 101637.3 397.459 589.167
2456801.305539292 101676.8 397.431 589.15
2456801.325971009 100123.3 397.891 589.448
2456801.346402926 101928.1 398.072 589.48
2456801.366834744 101865.7 398.047 589.468
2456801.387266562 101923.9 397.923 589.494
2456801.40769838 101952.9 397.914 589.469
2456801.428130199 101944.0 397.891 589.429
2456801.448562018 101975.2 397.843 589.42
2456801.468993837 102006.4 397.809 589.394
2456801.489425656 102061.8 397.769 589.377
2456801.509857477 102163.5 397.72 589.362
2456801.530289297 102180.8 397.687 589.32
2456801.550721117 102010.6 397.628 589.279
2456801.571152938 101759.5 397.947 589.475
2456801.591584759 101930.6 398.03 589.442
2456801.612016681 102025.3 397.921 589.472
2456801.632448502 102028.5 397.896 589.455
2456801.652880224 102054.0 397.836 589.416
2456801.673312147 102076.5 397.812 589.403
2456801.693743969 102159.8 397.765 589.374
2456801.714175692 102226.9 397.739 589.354
2456801.734607616 102245.6 397.675 589.31
2456801.755039439 102170.6 397.641 589.286
2456801.775471163 102043.9 397.586 589.25
2456801.795903088 101981.9 397.548 589.221
2456801.816334912 101949.7 397.744 589.371
2456801.836766837 102333.2 397.741 589.352
2456801.857198562 102263.8 397.727 589.327
2456801.877630388 102309.7 397.676 589.306
2456801.898062313 102197.6 397.64 589.282
2456801.91849404 102067.0 397.58 589.238
2456801.938925866 102046.2 397.549 589.224
2456801.959357793 102049.6 397.492 589.181
2456801.97978952 102007.0 397.461 589.165
2456802.000221448 101914.9 397.408 589.128
2456802.020653275 101891.6 397.373 589.11
2456802.041085003 101951.7 397.317 589.073
2456802.061516932 101312.0 397.738 589.358
2456802.08194876 102228.5 397.804 589.392
2456802.102380489 102294.9 397.77 589.36
2456802.122812419 102394.7 397.729 589.336
2456802.143244248 102432.5 397.675 589.305
2456802.163676078 102322.8 397.647 589.293
2456802.184107909 102170.1 397.587 589.243
2456802.204539739 102104.0 397.552 589.225
2456802.22497157 102119.7 397.499 589.192
2456802.245403401 102105.5 397.482 589.162
2456802.265835233 101995.4 397.409 589.127
2456802.286267165 101905.4 397.388 589.113
2456802.306698897 101971.7 397.611 589.262
2456802.327130729 102336.9 397.63 589.274
2456802.347562662 102246.4 397.585 589.25
2456802.367994395 102179.0 397.554 589.217
2456802.388426329 102166.0 397.501 589.182
2456802.408858162 102093.0 397.459 589.157
2456802.429289897 102019.9 397.409 589.135
2456802.449721831 101969.4 397.38 589.107
2456802.470153666 102022.2 397.328 589.074
2456802.490585401 102109.6 397.287 589.045
2456802.511017337 102170.9 397.25 589.025
2456802.531449172 102378.2 397.194 588.999
2456802.551881108 100773.1 397.764 589.362
2456802.572312844 102347.5 397.83 589.405
2456802.592744681 102371.2 397.81 589.386
2456802.613176618 102446.2 397.751 589.35
2456802.633608356 102523.6 397.707 589.328
2456802.654040193 102487.8 397.652 589.296
2456802.674472131 102384.3 397.621 589.269
2456802.694903869 102275.7 397.569 589.233
2456802.715335808 102271.2 397.533 589.209
2456802.735767647 102258.8 397.493 589.178
2456802.756199386 102159.2 397.442 589.145
2456802.776631326 102020.3 397.402 589.118
2456802.817495006 101698.2 397.889 589.449
2456802.837926846 102357.2 397.942 589.473
2456802.858358688 102385.6 397.907 589.453
2456802.878790429 102418.7 397.846 589.426
2456802.89922237 102407.4 397.815 589.403
2456802.919654212 102419.4 397.763 589.373
2456802.940086154 102460.3 397.746 589.365
2456802.960517897 102543.4 397.69 589.326
2456802.980949739 102552.5 397.689 589.312
2456803.001381683 102485.6 397.647 589.272
2456803.021813427 102241.3 397.629 589.252
2456803.04224527 100640.7 397.999 589.538
2456803.062677214 102721.5 398.215 589.662
2456803.083108959 102495.3 398.186 589.642
2456803.103540903 102536.6 398.143 589.606
2456803.123972749 102543.9 398.162 589.538
2456803.144404494 102564.6 398.142 589.521
2456803.16483644 102537.0 398.113 589.499
2456803.185268286 102459.7 398.081 589.48
2456803.205700032 102422.9 398.062 589.46
2456803.226131979 102367.6 398.012 589.432
2456803.246563826 102359.4 397.989 589.413
2456803.266995774 102493.0 397.867 589.439
2456803.287427522 102487.4 397.853 589.416
2456803.30785937 102487.4 397.79 589.396
2456803.328291318 102574.0 397.778 589.372
2456803.348723067 102593.5 397.743 589.347
2456803.369154916 102669.1 397.71 589.328
2456803.389586865 102576.4 397.701 589.299
2456803.410018715 102574.8 397.651 589.281
2456803.430450565 102420.4 397.634 589.26
2456803.450882316 102406.7 397.577 589.237
2456803.471314166 102386.9 397.553 589.218
2456803.491746117 102396.0 397.513 589.189
2456803.512177969 102350.5 397.483 589.177
2456803.532609721 101919.9 397.828 589.414
2456803.553041672 102522.7 397.88 589.433
2456803.573473525 102496.9 397.846 589.395
2456803.593905278 102584.7 397.803 589.387
2456803.614337231 102651.0 397.751 589.352
2456803.634769084 102687.1 397.717 589.336
2456803.655201038 102726.2 397.67 589.295
2456803.675632792 102568.6 397.628 589.276
2456803.696064646 102487.1 397.599 589.24
2456803.716496601 102412.4 397.557 589.216
2456803.736928356 102397.0 397.513 589.179
2456803.757360211 102399.8 397.47 589.163
2456803.777792167 101669.5 397.937 589.47
2456803.798223923 102507.3 398.061 589.468
2456803.818655879 102439.1 398.035 589.454
2456803.839087736 102522.3 397.918 589.46
2456803.859519493 102565.1 397.885 589.444
2456803.879951451 102558.0 397.842 589.393
2456803.900383308 102596.4 397.804 589.39
2456803.920815066 102659.8 397.745 589.348
2456803.941247025 102704.5 397.715 589.332
2456803.961678883 102682.5 397.662 589.299
2456803.982110842 102573.8 397.632 589.271
2456804.002542602 102463.4 397.589 589.242
2456804.022974461 101978.0 397.802 589.372
2456804.043406322 102561.6 397.822 589.386
2456804.063838282 102610.1 397.782 589.361
2456804.084270043 102691.2 397.739 589.334
2456804.104701904 102759.6 397.684 589.309
2456804.125133765 102679.8 397.65 589.289
2456804.145565627 102506.0 397.608 589.252
2456804.165997589 102468.1 397.579 589.225
2456804.186429351 102436.8 397.526 589.194
2456804.206861314 102450.1 397.486 589.178
2456804.227293177 102323.9 397.428 589.141
2456804.247724941 102266.1 397.398 589.117
2456804.268156904 101511.6 397.906 589.448
2456804.288588768 102538.0 398.076 589.454
2456804.309020533 102553.8 397.937 589.467
2456804.329452497 102558.4 397.909 589.456
2456804.349884363 102575.6 397.85 589.41
2456804.370316328 102627.3 397.803 589.392
2456804.390748094 102645.0 397.751 589.352
2456804.41117996 102772.2 397.699 589.324
2456804.431611926 102693.8 397.658 589.282
2456804.452043694 102507.7 397.617 589.255
2456804.47247556 102456.8 397.56 589.218
2456804.492907528 102464.8 397.505 589.179
2456804.513339296 102131.6 398.136 589.613
2456804.533771264 102754.3 398.166 589.633
2456804.554203133 102661.8 398.13 589.603
2456804.574635001 102678.6 398.141 589.51
2456804.595066871 102611.2 398.109 589.485
2456804.61549874 102510.3 398.055 589.453
2456804.63593061 102474.3 398.022 589.439
2456804.65636248 102576.8 397.88 589.436
2456804.676794351 102579.1 397.864 589.414
2456804.697226222 102627.2 397.791 589.382
2456804.717658093 102657.4 397.766 589.358
2456804.738089964 102753.1 397.695 589.319
2456804.758521836 102739.3 397.662 589.296
2456804.778953709 102548.3 397.619 589.245
2456804.799385581 102487.2 397.568 589.227
2456804.819817554 102426.0 397.515 589.177
2456804.840249327 102391.2 397.463 589.157
2456804.860681201 102267.0 397.416 589.122
2456804.881113175 102237.2 397.374 589.101
2456804.901544949 102765.0 397.332 589.058
2456804.921976924 102392.3 397.272 589.038
2456804.942408799 102451.5 397.234 588.994
2456804.962840574 102641.4 397.179 588.982
2456804.98327255 102854.4 397.144 588.94
2456805.003704426 99012.01 397.822 589.391
2456805.024136202 102509.4 398.082 589.471
2456805.044568179 102459.9 398.025 589.435
2456805.065000056 102565.7 397.918 589.46
2456805.085432034 102545.6 397.858 589.426
2456805.105863811 102562.8 397.836 589.397
2456805.126295689 102652.0 397.775 589.354
2456805.146727668 102731.3 397.742 589.348
2456805.167159447 102703.0 397.68 589.297
2456805.187591326 102637.3 397.646 589.277
