Dates Flux Xpos Ypos
2456768.962217216 16043.52 374.489 747.066
2456768.982648807 16074.28 374.56 747.032
2456769.003080397 16094.45 374.563 747.04
2456769.023511988 16064.32 374.561 747.05
2456769.043943578 16045.64 374.574 747.035
2456769.064375169 16055.89 374.583 747.052
2456769.084806759 16054.26 374.587 747.059
2456769.105238449 16073.14 374.606 747.068
2456769.12567004 16066.77 374.613 747.075
2456769.14610153 16055.57 374.636 747.08
2456769.16653322 16043.49 374.634 747.091
2456769.18696471 16061.11 374.646 747.087
2456769.207396301 16068.42 374.645 747.092
2456769.227827991 16108.91 374.652 747.096
2456769.248259481 16088.92 374.65 747.094
2456769.268691071 16073.08 374.653 747.095
2456769.289122761 16080.92 374.672 747.104
2456769.309554251 16077.37 374.673 747.105
2456769.329985841 16059.82 374.683 747.123
2456769.350417531 16117.25 374.71 747.118
2456769.370849021 16127.08 374.723 747.138
2456769.391280711 16096.31 374.718 747.133
2456769.4117123 16061.5 374.719 747.14
2456769.43214379 16121.15 374.715 747.129
2456769.47300707 15829.92 374.61 747.135
2456769.493438659 16117.56 374.756 747.201
2456769.513870249 16126.32 374.737 747.226
2456769.534301839 16133.61 374.732 747.225
2456769.554733428 16122.71 374.745 747.226
2456769.575165118 16118.83 374.739 747.237
2456769.595596607 16120.14 374.773 747.238
2456769.616028297 16123.01 374.767 747.246
2456769.636459887 16130.83 374.769 747.249
2456769.656891376 16113.35 374.763 747.247
2456769.677323065 16106.52 374.77 747.258
2456769.697754655 16122.67 374.778 747.244
2456769.718186144 16106.08 374.781 747.249
2456769.738617833 16146.89 374.789 747.24
2456769.759049423 16091.08 374.811 747.263
2456769.779480912 16095.51 374.799 747.265
2456769.799912601 16103.04 374.798 747.255
2456769.82034419 16111.43 374.798 747.272
2456769.84077568 16125.72 374.819 747.264
2456769.861207369 16067.2 374.818 747.274
2456769.881638858 16042.75 374.818 747.274
2456769.902070547 16087.43 374.822 747.28
2456769.922502136 16112.17 374.817 747.28
2456769.942933625 16107.36 374.843 747.277
2456769.963365314 16074.97 374.847 747.29
2456769.983796903 16071.97 374.854 747.293
2456770.004228492 16044.29 374.861 747.297
2456770.024660081 16049.26 374.859 747.306
2456770.04509167 16047.64 374.872 747.31
2456770.065523259 16070.53 374.886 747.307
2456770.085954848 16065.19 374.903 747.322
2456770.106386437 16034.94 374.9 747.334
2456770.126818025 16031.7 374.917 747.345
2456770.147249714 16055.94 374.943 747.34
2456770.167681203 16041.96 374.962 747.351
2456770.188112892 16047.46 374.959 747.363
2456770.208544481 16026.55 374.967 747.372
2456770.228975969 16040.57 374.971 747.373
2456770.249407658 15815.42 374.991 747.379
2456770.269839247 15410.37 375.001 747.395
2456770.290270735 14823.25 374.998 747.411
2456770.310702424 14180.68 375.027 747.407
2456770.331134012 13437.61 375.05 747.406
2456770.351565501 12646.55 375.053 747.427
2456770.37199719 11941.5 375.061 747.43
2456770.392428778 11151.32 375.067 747.44
2456770.412860367 10486.19 375.073 747.45
2456770.433291955 9796.477 374.528 747.08
2456770.453723543 9775.802 374.459 747.04
2456770.474155232 10224.72 374.471 747.06
2456770.494586721 10949.67 374.486 747.064
2456770.515018309 11735.78 374.553 747.025
2456770.535449897 12549.32 374.567 747.04
2456770.555881485 13347.05 374.572 747.05
2456770.576313074 14077.12 374.596 747.047
2456770.596744662 14747.87 374.59 747.059
2456770.617176251 15333.14 374.588 747.06
2456770.637607839 15781.22 374.594 747.057
2456770.658039527 16002.54 374.603 747.069
2456770.678471015 16072.35 374.624 747.077
2456770.698902604 16051.07 374.617 747.071
2456770.719334292 16039.05 374.614 747.072
2456770.73976578 16036.3 374.623 747.072
2456770.760197468 16037.71 374.624 747.082
2456770.780629057 16039.43 374.622 747.075
2456770.801060544 16046.9 374.628 747.075
2456770.821492233 16049.54 374.622 747.077
2456770.841923821 16044.79 374.604 747.07
2456770.862355309 16023.7 374.628 747.075
2456770.882786997 16055.36 374.616 747.07
2456770.903218585 16054.56 374.609 747.079
2456770.923650073 16065.56 374.61 747.068
2456770.944081761 15995.59 374.607 747.061
2456770.964513349 16038.71 374.606 747.066
2456770.984944937 16065.56 374.602 747.068
2456771.005376525 16050.71 374.606 747.07
2456771.025808113 16063.62 374.607 747.07
2456771.046239801 16041.15 374.623 747.081
2456771.066671289 16064.92 374.642 747.084
2456771.087102877 16081.65 374.671 747.105
2456771.107534565 16122.35 374.7 747.128
2456771.127966153 16129.55 374.72 747.134
2456771.148397641 16147.4 374.74 747.147
2456771.168829329 16110.22 374.735 747.146
2456771.189260917 16116.94 374.734 747.144
2456771.209692405 16118.79 374.733 747.141
2456771.230124092 16118.94 374.726 747.139
2456771.25055558 16103.83 374.716 747.137
2456771.270987168 16077.58 374.693 747.116
2456771.291418856 16092.5 374.679 747.112
2456771.311850344 16073.86 374.668 747.107
2456771.332282031 16077.96 374.66 747.098
2456771.352713619 16051.42 374.666 747.1
2456771.373145107 16066.56 374.658 747.101
2456771.393576795 16070.32 374.645 747.089
2456771.434439871 16019.84 374.409 746.981
2456771.454871558 16019.25 374.43 747.016
2456771.475303146 16013.01 374.434 747.016
2456771.495734734 16020.49 374.423 747.032
2456771.516166321 16004.89 374.432 747.038
2456771.536597909 15996.73 374.452 747.047
2456771.557029497 16009.74 374.474 747.043
2456771.577461084 16043.79 374.47 747.055
2456771.597892672 16047.04 374.45 747.051
2456771.61832436 16051.95 374.45 747.053
2456771.638755947 16023.19 374.437 747.02
2456771.659187435 16029.24 374.436 747.028
2456771.679619123 16005.78 374.45 747.009
2456771.700050711 16010.22 374.427 747.01
2456771.720482198 16007.83 374.4 747.013
2456771.740913886 15993.91 374.391 747.004
2456771.761345474 15997.72 374.389 747.015
2456771.781776961 16012.83 374.389 746.991
2456771.802208649 15978.8 374.396 746.992
2456771.822640236 16017.97 374.38 746.997
2456771.843071724 16001.48 374.381 746.99
2456771.863503412 15994.32 374.382 746.995
2456771.883934999 16031.6 374.376 746.991
2456771.904366587 16018.17 374.381 746.976
2456771.924798174 15998.52 374.358 746.979
2456771.945229762 15983.71 374.362 746.977
2456771.96566135 15994.64 374.35 746.979
2456771.986092937 16014.97 374.349 746.977
2456772.006524525 16018.92 374.344 746.955
2456772.026956113 15995.07 374.334 746.966
2456772.0473877 16006.78 374.32 746.954
2456772.067819288 16016.43 374.311 746.948
2456772.088250875 16014.31 374.303 746.942
2456772.108682463 16016.66 374.303 746.931
2456772.129114151 16038.33 374.289 746.921
2456772.149545638 16021.78 374.272 746.923
2456772.169977226 16041.42 374.25 746.909
2456772.190408913 16045.85 374.225 746.883
2456772.210840501 16070.59 374.206 746.876
2456772.231271989 16111.72 374.182 746.859
2456772.251703676 16105.3 374.184 746.855
2456772.272135264 16091.55 374.187 746.844
2456772.292566751 16077.42 374.173 746.839
2456772.312998439 16106.09 374.151 746.836
2456772.333430026 16096.74 374.131 746.809
2456772.353861514 16109.62 374.109 746.807
2456772.374293202 16088.48 374.098 746.776
2456772.394724789 15928.52 374.62 747.143
2456772.415156477 16094.87 374.715 747.132
2456772.435587964 16095.78 374.697 747.123
2456772.456019552 16067.92 374.673 747.109
2456772.47645124 16071.8 374.64 747.086
2456772.496882727 16067.57 374.628 747.079
2456772.517314315 16072.16 374.609 747.084
2456772.537746002 16038.34 374.619 747.062
2456772.55817749 16024.95 374.608 747.067
2456772.578609078 16049.94 374.592 747.062
2456772.599040765 16041.07 374.587 747.055
2456772.619472253 16046.98 374.566 747.033
2456772.639903841 16026.33 374.491 747.055
2456772.660335529 16032.16 374.464 747.051
2456772.680767016 16032.69 374.421 747.015
2456772.701198704 16027.6 374.386 746.997
2456772.721630292 16018.42 374.368 746.98
2456772.742061779 15995.27 374.358 746.989
2456772.762493467 16007.17 374.341 746.954
2456772.782925054 16003.08 374.304 746.948
2456772.803356542 16000.48 374.286 746.932
2456772.82378823 16033.97 374.257 746.898
2456772.844219817 16068.92 374.228 746.882
2456772.864651305 16089.48 374.175 746.851
2456772.885082993 16090.71 374.141 746.816
2456772.905514581 16123.39 374.12 746.809
2456772.925946068 16111.95 374.11 746.792
2456772.946377756 16124.95 374.079 746.774
2456772.966809344 16109.67 374.037 746.756
2456772.987241032 16103.96 374.029 746.738
2456773.007672519 16080.3 373.994 746.715
2456773.028104107 16089.29 373.949 746.694
2456773.048535795 16073.21 373.906 746.66
2456773.068967283 16081.72 373.885 746.653
2456773.089398871 16088.3 373.866 746.642
2456773.109830559 16128.96 373.836 746.619
2456773.130262146 15806.03 374.562 747.112
2456773.150693634 16097.17 374.708 747.119
2456773.171125322 16089.59 374.66 747.099
2456773.19155691 16070.07 374.598 747.058
2456773.211988498 16037.5 374.57 747.039
2456773.232420086 16019.32 374.468 747.054
2456773.252851673 16011.06 374.439 747.026
2456773.273283261 16008.27 374.4 747.005
2456773.293714849 16014.64 374.369 746.984
2456773.314146437 16022.11 374.332 746.962
2456773.334578025 16042.92 374.276 746.922
2456773.355009613 16042.02 374.226 746.885
2456773.395872789 15869.25 374.382 747.004
2456773.416304377 16062.19 374.467 747.07
2456773.436735865 16017.36 374.45 747.023
2456773.457167553 16042.11 374.434 747.021
2456773.477599142 16010.74 374.378 746.996
2456773.49803083 16019.31 374.356 746.983
2456773.518462318 16015.46 374.317 746.971
2456773.538893905 16018.37 374.317 746.95
2456773.559325594 16022.26 374.299 746.928
2456773.579757082 16058.71 374.28 746.918
2456773.60018867 16076.57 374.239 746.873
2456773.620620358 15715.31 374.554 747.093
2456773.641051946 16056.33 374.863 747.308
2456773.661483434 16085.89 374.838 747.284
2456773.681915123 16097.3 374.813 747.291
2456773.702346711 16121.61 374.81 747.261
2456773.722778199 16119.65 374.777 747.242
2456773.743209887 16116.71 374.735 747.223
2456773.763641476 16113.9 374.735 747.226
2456773.784073064 16117.06 374.764 747.19
2456773.804504653 16137.36 374.751 747.137
2456773.824936241 16091.39 374.711 747.129
2456773.845367929 16069.53 374.675 747.104
2456773.865799418 16064.09 374.633 747.082
2456773.886231006 16211.04 374.607 747.065
2456773.906662694 16055.7 374.605 747.044
2456773.927094183 16066.29 374.503 747.082
2456773.947525771 16029.26 374.488 747.056
2456773.96795746 16006.43 374.454 747.048
2456773.988388948 16008.96 374.389 747.006
2456774.008820637 16011.59 374.376 746.968
2456774.029252125 16015.49 374.349 746.961
2456774.049683714 15991.2 374.308 746.938
2456774.070115402 16052.45 374.255 746.91
2456774.090546891 16063.79 374.217 746.874
2456774.110978479 15755.89 374.892 747.314
2456774.131410168 16235.66 374.944 747.353
2456774.151841657 16064.22 374.908 747.337
2456774.172273246 16062.97 374.886 747.32
2456774.192704934 16071.74 374.863 747.289
2456774.213136523 16112.2 374.809 747.257
2456774.233568012 16157.19 374.749 747.227
2456774.253999701 16138.75 374.779 747.198
2456774.27443129 16120.7 374.736 747.147
2456774.294862878 16101.22 374.716 747.126
2456774.315294467 16068.49 374.666 747.094
2456774.335726056 16057.53 374.601 747.063
2456774.356157745 16042.84 374.565 747.034
2456774.376589234 16032.96 374.487 747.052
2456774.397020823 16021.52 374.445 747.029
2456774.417452512 15997.34 374.388 747.005
2456774.437884001 16026.52 374.324 746.942
2456774.45831559 16043.18 374.27 746.916
2456774.478747279 16109.84 374.222 746.892
2456774.499178768 16068.39 374.195 746.861
2456774.519610457 16086.99 374.161 746.82
2456774.540042046 16196.46 374.093 746.777
2456774.560473535 16081.48 374.035 746.745
2456774.580905225 16103.09 373.998 746.72
2456774.601336814 15927.87 374.36 746.987
2456774.621768303 16007.89 374.36 746.978
2456774.642199992 16035.48 374.298 746.929
2456774.662631582 16038.83 374.236 746.896
2456774.683063171 16100.8 374.186 746.852
2456774.70349476 16111.03 374.131 746.815
2456774.72392635 16114.3 374.088 746.775
2456774.744357839 16116.28 374.019 746.74
2456774.764789529 16064.48 373.956 746.691
2456774.785221118 16100.71 373.918 746.666
2456774.805652708 16119.39 373.866 746.64
2456774.826084297 16131.48 373.808 746.605
2456774.846515887 15807.34 374.422 747.005
2456774.866947576 16170.42 374.455 747.042
2456774.887379066 16038.87 374.379 746.995
2456774.907810656 16029.67 374.32 746.953
2456774.928242345 16052.47 374.258 746.901
2456774.948673835 16081.55 374.164 746.836
2456774.969105425 16112.92 374.117 746.8
2456774.989537115 16118.36 374.063 746.758
2456775.009968604 16111.88 374.008 746.723
2456775.030400294 16085.93 373.925 746.678
2456775.050831884 16100.95 373.861 746.639
2456775.071263374 16123.43 373.808 746.599
2456775.091695064 15858.98 374.37 746.99
2456775.112126654 16022.06 374.377 746.98
2456775.132558144 16017.89 374.294 746.927
2456775.152989834 16080.84 374.214 746.88
2456775.173421424 16093.68 374.151 746.821
2456775.193853015 16122.59 374.081 746.769
2456775.214284604 16102.74 373.983 746.711
2456775.234716195 16130.69 373.919 746.668
2456775.255147885 16215.08 373.854 746.631
2456775.275579375 16143.15 373.792 746.592
2456775.296010965 16146.36 373.707 746.554
2456775.316442656 16152.03 373.651 746.514
2456775.357305737 16171.36 374.407 746.981
2456775.377737427 15973.92 374.416 747.0
2456775.398168918 16007.26 374.371 746.989
2456775.418600508 16017.29 374.35 746.974
2456775.439032199 16024.28 374.321 746.951
2456775.459463689 16022.36 374.298 746.93
2456775.47989528 16086.35 374.247 746.899
2456775.500326971 16056.15 374.2 746.872
2456775.520758461 16115.53 374.175 746.855
2456775.541190152 16119.34 374.139 746.823
2456775.561621743 16096.99 374.096 746.776
2456775.582053234 15875.87 374.622 747.136
2456775.602484925 16094.7 374.716 747.11
2456775.622916515 16077.35 374.68 747.094
2456775.643348007 16053.51 374.602 747.061
2456775.663779697 16039.99 374.563 747.035
2456775.684211289 16021.73 374.473 747.06
2456775.70464288 16022.42 374.471 747.058
2456775.725074471 16030.75 374.434 746.994
2456775.745506062 16000.9 374.384 746.991
2456775.765937753 16024.83 374.357 746.97
2456775.786369244 16044.66 374.312 746.951
2456775.806800836 16025.37 374.283 746.912
2456775.827232527 16092.62 374.24 746.88
2456775.847664118 16096.83 374.21 746.876
2456775.86809561 16090.6 374.17 746.834
2456775.888527301 16105.19 374.119 746.8
2456775.908958893 16158.99 374.079 746.782
2456775.929390384 16114.28 374.054 746.755
2456775.949822076 16091.54 374.006 746.723
2456775.970253667 16083.89 373.939 746.697
2456775.990685359 16104.09 373.897 746.667
2456776.011116851 16090.08 373.866 746.632
2456776.031548442 16125.95 373.837 746.606
2456776.051980034 16141.89 373.77 746.578
2456776.072411626 15879.79 374.267 746.915
2456776.092843218 16020.85 374.325 746.953
2456776.11327481 16057.28 374.277 746.917
2456776.133706402 16106.0 374.202 746.86
2456776.154137894 16081.11 374.13 746.815
2456776.174569586 16149.26 374.082 746.781
2456776.195001178 16112.82 374.051 746.747
2456776.21543277 16070.22 373.998 746.7
2456776.235864362 16068.87 373.949 746.684
2456776.256295955 16099.55 373.901 746.662
2456776.276727647 16090.62 373.861 746.639
2456776.297159139 16131.28 373.798 746.595
2456776.317590732 15557.23 374.627 747.141
2456776.338022424 16140.13 374.744 747.213
2456776.358454017 16128.8 374.736 747.141
2456776.378885509 16067.97 374.658 747.098
2456776.399317202 16062.95 374.624 747.069
2456776.419748794 16053.11 374.581 747.041
2456776.440180287 16045.85 374.481 747.049
2456776.46061198 16025.74 374.407 747.006
2456776.481043573 15998.07 374.371 746.97
2456776.501475265 16039.25 374.32 746.943
2456776.521906758 16065.2 374.264 746.917
2456776.542338351 16089.48 374.199 746.849
2456776.562770044 16118.51 374.152 746.817
2456776.583201537 16111.97 374.096 746.783
2456776.60363313 16138.16 374.043 746.744
2456776.624064824 16124.41 373.966 746.697
2456776.644496317 16066.72 373.917 746.67
2456776.66492791 16114.19 373.873 746.635
2456776.685359603 16121.46 373.813 746.6
2456776.705791097 16130.17 373.753 746.571
2456776.72622279 16145.52 373.703 746.544
2456776.746654383 16153.57 373.654 746.519
2456776.767085877 16161.94 373.578 746.456
2456776.78751757 16215.52 373.522 746.421
2456776.807949064 15896.06 374.152 746.847
2456776.828380657 16117.32 374.197 746.855
2456776.848812351 16118.92 374.117 746.794
2456776.869243845 16098.36 374.059 746.752
2456776.889675439 16101.87 374.003 746.713
2456776.910107133 16056.7 373.928 746.673
2456776.930538727 16108.48 373.87 746.638
2456776.950970221 16102.47 373.833 746.606
2456776.971401914 16143.6 373.777 746.583
2456776.991833509 16147.16 373.696 746.546
2456777.012265103 16166.36 373.645 746.506
2456777.032696697 16218.0 373.58 746.475
2456777.053128291 15491.89 374.451 747.021
2456777.073559985 16078.01 374.626 747.068
2456777.09399148 16045.8 374.56 747.033
2456777.114423074 16140.09 374.459 747.031
2456777.134854769 16029.08 374.378 746.976
2456777.155286264 16000.69 374.313 746.938
2456777.175717858 16066.62 374.26 746.901
2456777.196149553 16130.72 374.183 746.843
2456777.216581048 16125.95 374.109 746.786
2456777.237012742 16134.8 374.055 746.757
2456777.257444337 16102.08 374.008 746.714
2456777.277875832 16073.79 373.921 746.671
2456777.318739122 16085.52 374.664 747.097
2456777.339170717 16076.06 374.632 747.083
2456777.359602312 16060.44 374.596 747.066
2456777.380033907 16046.89 374.58 747.036
2456777.400465502 16037.79 374.552 747.016
2456777.420897098 16043.49 374.461 747.016
2456777.441328693 16020.83 374.415 746.999
2456777.461760289 16018.56 374.381 746.971
2456777.482191884 16041.98 374.33 746.952
2456777.50262348 16060.52 374.272 746.918
2456777.523055075 16044.63 374.236 746.895
2456777.543486671 15845.02 374.591 747.104
2456777.563918266 16137.41 374.758 747.15
2456777.584349962 16109.03 374.721 747.119
2456777.604781458 16106.41 374.677 747.103
2456777.625213054 16047.92 374.603 747.064
2456777.64564475 16041.81 374.577 747.027
2456777.666076246 16065.98 374.491 747.038
2456777.686507942 16025.24 374.424 747.009
2456777.706939538 16007.65 374.365 746.974
2456777.727371035 16035.73 374.314 746.94
2456777.747802731 16022.99 374.287 746.917
2456777.768234327 16102.75 374.213 746.854
2456777.788665824 15967.34 374.622 747.137
2456777.80909752 16098.6 374.685 747.103
2456777.829529117 16079.14 374.618 747.081
2456777.849960614 16011.33 374.578 747.036
2456777.87039231 16054.51 374.493 747.037
2456777.890823907 16031.95 374.443 747.005
2456777.911255504 16034.51 374.358 746.971
2456777.931687101 16031.89 374.307 746.926
2456777.952118698 16051.46 374.272 746.906
2456777.972550394 16144.67 374.192 746.847
2456777.992981992 16113.75 374.138 746.813
2456778.013413489 16109.4 374.088 746.78
2456778.033845186 15944.99 374.471 747.016
2456778.054276783 16032.75 374.486 747.046
2456778.074708281 16054.21 374.439 747.009
2456778.095139978 16010.26 374.392 746.991
2456778.115571576 15996.39 374.313 746.942
2456778.136003073 16050.21 374.278 746.902
2456778.156434771 16081.76 374.231 746.875
2456778.176866268 16081.79 374.156 746.81
2456778.197297966 16147.36 374.103 746.788
2456778.217729564 16128.24 374.053 746.747
2456778.238161062 16096.27 373.984 746.694
2456778.25859276 16086.16 373.941 746.673
2456778.279024358 15917.54 374.456 747.029
2456778.299455856 16059.15 374.469 747.028
2456778.319887554 16033.68 374.404 746.993
2456778.340319152 16021.74 374.342 746.956
2456778.360750651 16048.49 374.275 746.911
2456778.381182349 16102.56 374.212 746.856
2456778.401613947 16120.67 374.168 746.816
2456778.422045646 16140.98 374.101 746.776
2456778.442477145 16115.61 374.017 746.724
2456778.462908743 16104.5 373.986 746.705
2456778.483340442 16084.83 373.92 746.661
2456778.503771941 16155.58 373.852 746.616
2456778.52420354 15783.36 374.552 747.079
2456778.544635239 16076.59 374.666 747.091
2456778.565066838 16038.92 374.582 747.033
2456778.585498337 16028.72 374.467 747.038
2456778.605930036 16035.18 374.423 747.0
2456778.626361636 16006.28 374.327 746.935
2456778.646793235 16074.35 374.259 746.902
2456778.667224834 16115.64 374.216 746.863
2456778.687656434 16145.94 374.126 746.789
2456778.708088133 16147.37 374.069 746.755
2456778.728519633 16116.25 374.023 746.721
2456778.748951233 16090.05 373.938 746.67
2456778.769382932 16011.51 374.628 747.137
2456778.789814432 16141.15 374.74 747.126
2456778.810246032 16097.36 374.647 747.077
2456778.830677632 16086.08 374.597 747.043
2456778.851109232 16088.51 374.492 747.046
2456778.871540932 16082.62 374.394 746.984
2456778.891972432 16046.63 374.342 746.95
2456778.912404033 16075.59 374.275 746.904
2456778.932835733 16128.35 374.194 746.843
2456778.953267234 16161.05 374.136 746.795
2456778.973698834 16133.96 374.076 746.756
2456778.994130535 16080.54 373.997 746.702
2456779.014562035 15859.83 374.738 747.202
2456779.034993636 16387.11 374.863 747.3
2456779.055425337 16172.71 374.79 747.244
2456779.075856938 16162.23 374.785 747.18
2456779.096288539 16106.13 374.727 747.124
2456779.11672014 16059.56 374.638 747.065
2456779.137151741 16059.02 374.579 747.031
2456779.157583343 16059.34 374.462 747.018
2456779.178014944 16032.68 374.358 746.963
2456779.198446545 16027.16 374.307 746.918
2456779.218878247 16091.45 374.226 746.871
2456779.239309749 16100.79 374.147 746.8
2456779.280173052 16167.83 374.799 747.228
2456779.300604554 16170.64 374.761 747.225
2456779.321036255 16132.3 374.739 747.203
2456779.341467858 16141.73 374.75 747.143
2456779.36189936 16099.6 374.72 747.115
2456779.382331062 16084.62 374.688 747.083
2456779.402762664 16091.64 374.635 747.066
2456779.423194166 16052.58 374.59 747.044
2456779.443625869 16063.0 374.509 747.067
2456779.464057471 16076.1 374.467 747.023
2456779.484488974 16010.59 374.442 747.003
2456779.504920675 16039.29 374.418 746.982
2456779.525352178 16226.74 374.377 746.941
2456779.545783881 16021.19 374.318 746.935
2456779.566215484 16061.26 374.292 746.904
2456779.586647087 16098.05 374.226 746.878
2456779.60707869 16117.33 374.196 746.851
2456779.627510293 16105.64 374.169 746.797
2456779.647941897 16129.86 374.104 746.775
2456779.6683735 16111.21 374.072 746.749
2456779.688805103 16087.69 374.019 746.726
2456779.709236707 16097.62 373.976 746.691
2456779.72966831 16094.02 373.981 746.673
2456779.750099914 15931.02 374.464 747.018
2456779.770531618 16054.24 374.477 747.032
2456779.790963222 16061.54 374.448 747.006
2456779.811394725 16027.36 374.392 746.979
2456779.831826429 16039.42 374.365 746.945
2456779.852258034 16059.99 374.318 746.926
2456779.872689538 16100.88 374.265 746.886
2456779.893121242 16122.31 374.206 746.857
2456779.913552846 16092.3 374.179 746.837
2456779.933984351 16117.66 374.123 746.782
2456779.954416056 16092.87 374.119 746.753
2456779.97484766 16119.13 374.064 746.732
2456779.995279365 15884.48 374.661 747.153
2456780.01571087 16129.64 374.758 747.14
2456780.036142475 16128.4 374.743 747.128
2456780.05657418 16111.17 374.686 747.085
2456780.077005685 16062.42 374.644 747.076
2456780.09743729 16090.09 374.612 747.043
2456780.117868895 16149.13 374.558 746.991
2456780.1383005 16051.39 374.469 747.016
2456780.158732106 16036.88 374.419 746.988
2456780.179163811 16054.06 374.346 746.939
2456780.199595317 16029.98 374.304 746.915
2456780.220027023 16083.12 374.262 746.875
2456780.240458629 16001.89 374.348 746.94
2456780.260890135 16030.07 374.341 746.94
2456780.28132184 16086.36 374.266 746.893
2456780.301753446 16124.51 374.214 746.851
2456780.322184953 16122.57 374.167 746.811
2456780.342616659 16137.78 374.097 746.76
2456780.363048265 16118.06 374.053 746.732
2456780.383479772 16094.02 374.013 746.701
2456780.403911478 16089.59 373.94 746.658
2456780.424343085 16098.25 373.898 746.641
2456780.444774792 16120.68 373.857 746.618
2456780.465206299 16144.84 373.804 746.574
2456780.485637906 15933.61 374.318 746.91
2456780.506069613 16026.5 374.329 746.921
2456780.52650112 16110.3 374.248 746.869
2456780.546932727 16117.29 374.186 746.829
2456780.567364434 16164.44 374.103 746.768
2456780.587795942 16297.92 374.042 746.723
2456780.608227549 16257.62 374.004 746.703
2456780.628659257 16127.25 373.948 746.66
2456780.649090765 16105.58 373.89 746.639
2456780.669522472 16129.21 373.851 746.603
2456780.68995408 16145.22 373.79 746.563
2456780.710385688 16162.14 373.735 746.548
2456780.730817297 15845.17 374.429 746.992
2456780.751248905 16065.97 374.458 747.007
2456780.771680513 16045.83 374.395 746.976
2456780.792112121 16033.9 374.325 746.926
2456780.81254373 16113.33 374.268 746.875
2456780.832975338 16133.62 374.213 746.843
2456780.853406947 16309.83 374.133 746.796
2456780.873838556 16137.41 374.093 746.746
2456780.894270164 16113.52 374.028 746.716
2456780.914701774 16132.42 373.957 746.67
2456780.935133383 16075.41 373.913 746.635
2456780.955565092 16149.21 373.841 746.605
2456780.975996601 15651.72 374.647 747.132
2456780.99642821 16154.98 374.78 747.166
2456781.01685992 16128.38 374.693 747.095
2456781.037291429 16094.35 374.649 747.054
2456781.057723039 16060.94 374.597 747.024
2456781.078154749 16062.17 374.469 747.019
2456781.098586259 16064.45 374.427 746.986
2456781.119017969 16043.51 374.364 746.956
2456781.139449579 16072.42 374.308 746.905
2456781.159881089 16105.98 374.257 746.877
2456781.180312799 16136.39 374.184 746.82
2456781.20074441 16151.81 374.13 746.774
2456781.241607631 16025.74 374.473 746.977
2456781.262039242 16033.29 374.479 747.009
2456781.282470853 16020.87 374.44 746.993
2456781.302902463 16059.11 374.405 746.978
2456781.323334075 16025.94 374.391 746.966
2456781.343765785 16059.81 374.351 746.938
2456781.364197297 16049.38 374.319 746.913
2456781.384628908 16055.88 374.292 746.899
2456781.40506062 16117.43 374.237 746.866
2456781.425492231 16118.68 374.198 746.846
2456781.445923743 16129.2 374.178 746.81
2456781.466355455 15944.03 374.575 747.075
2456781.486786966 16086.91 374.671 747.061
2456781.507218678 16044.08 374.634 747.019
2456781.52765029 16064.97 374.519 747.045
2456781.548081902 16063.34 374.492 747.029
2456781.568513515 16057.74 374.433 746.995
2456781.588945127 16048.0 374.395 746.976
2456781.60937664 16016.23 374.377 746.951
2456781.629808352 16056.83 374.343 746.925
2456781.650239965 16070.05 374.311 746.907
2456781.670671478 16214.47 374.258 746.873
2456781.691103191 16253.56 374.212 746.849
2456781.711534804 15947.18 374.409 746.962
2456781.731966517 16036.11 374.379 746.942
2456781.75239803 16066.25 374.32 746.91
2456781.772829643 16068.18 374.284 746.887
2456781.793261357 16100.93 374.22 746.846
2456781.813692871 16144.93 374.19 746.826
2456781.834124484 16148.04 374.164 746.793
2456781.854556198 16155.29 374.099 746.757
2456781.874987712 16106.19 374.069 746.738
2456781.895419326 16099.43 374.01 746.707
2456781.91585104 16102.66 373.972 746.675
2456781.936282654 16072.88 373.951 746.648
2456781.956714269 15893.27 374.385 746.939
2456781.977145883 16030.11 374.394 746.961
2456781.997577498 16105.57 374.338 746.926
2456782.018009113 16091.6 374.266 746.88
2456782.038440727 16117.84 374.233 746.856
2456782.058872342 16171.52 374.164 746.802
2456782.079304057 16150.38 374.096 746.763
2456782.099735572 16104.68 374.045 746.728
2456782.120167187 16081.92 373.98 746.659
2456782.140598903 16102.41 373.927 746.642
2456782.161030419 16116.03 373.869 746.601
2456782.181462134 16149.89 373.798 746.576
2456782.20189375 15966.03 374.28 746.901
2456782.222325265 16073.11 374.307 746.892
2456782.242756981 16094.76 374.238 746.854
2456782.263188498 16143.88 374.183 746.808
2456782.283620114 16138.14 374.109 746.766
2456782.30405183 16093.72 374.057 746.728
2456782.324483347 16084.9 373.999 746.685
2456782.344915063 16109.6 373.923 746.642
2456782.365346679 16113.96 373.876 746.621
2456782.385778196 16129.2 373.826 746.575
2456782.406209913 16140.63 373.764 746.547
2456782.42664153 16158.29 373.714 746.524
2456782.447073147 16055.9 374.13 746.788
2456782.467504764 16132.39 374.175 746.805
2456782.487936382 16166.06 374.114 746.755
2456782.508367999 16111.59 374.035 746.707
2456782.528799617 16096.48 373.982 746.677
2456782.549231234 16092.37 373.926 746.651
2456782.569662952 16122.95 373.86 746.601
2456782.59009457 16147.31 373.811 746.578
2456782.610526088 16148.66 373.746 746.539
2456782.630957806 16341.65 373.704 746.518
2456782.651389425 16153.89 373.635 746.472
2456782.671820943 16230.19 373.568 746.429
2456782.692252662 15143.38 374.716 747.173
2456782.71268428 16139.99 374.882 747.28
2456782.733115799 16142.69 374.816 747.245
2456782.753547518 16132.8 374.763 747.208
2456782.773979137 16146.16 374.743 747.112
2456782.794410856 16075.57 374.696 747.074
2456782.814842375 16091.79 374.631 747.041
2456782.835273995 16070.96 374.506 747.034
2456782.855705714 16049.24 374.452 746.997
2456782.876137233 16053.68 374.375 746.946
2456782.896568753 16091.35 374.314 746.901
2456782.917000473 16122.15 374.233 746.852
2456782.937432093 15613.16 374.716 747.174
2456782.957863713 16079.91 374.92 747.309
2456782.978295333 16138.35 374.844 747.261
2456782.998726954 16141.4 374.771 747.218
2456783.019158674 16139.72 374.717 747.166
2456783.039590195 16091.98 374.677 747.069
2456783.060021815 16117.46 374.615 747.032
2456783.080453536 16059.95 374.475 747.008
2456783.100885157 16062.19 374.389 746.95
2456783.121316678 16039.66 374.316 746.907
2456783.141748399 16126.94 374.215 746.837
2456783.162180021 16139.03 374.143 746.783
2456783.203043264 16039.73 374.39 746.954
2456783.223474885 16057.37 374.393 746.962
2456783.243906607 16058.61 374.341 746.938
2456783.264338129 16019.1 374.289 746.914
2456783.284769751 16083.08 374.293 746.888
2456783.305201474 16130.6 374.246 746.848
2456783.325632996 16128.31 374.238 746.818
2456783.346064618 16124.68 374.191 746.797
2456783.366496341 16139.97 374.127 746.768
2456783.386927864 16103.09 374.092 746.753
2456783.407359586 16109.3 374.035 746.716
2456783.427791209 15989.92 374.349 746.92
2456783.448222732 16034.5 374.367 746.937
2456783.468654456 16067.05 374.305 746.898
2456783.489086079 16076.97 374.271 746.876
2456783.509517603 16147.14 374.204 746.834
2456783.529949326 16179.5 374.159 746.813
2456783.55038085 16143.47 374.149 746.784
2456783.570812574 16137.61 374.078 746.726
2456783.591244197 16099.4 374.057 746.701
2456783.611675722 16448.06 373.991 746.674
2456783.632107446 16103.7 373.938 746.642
2456783.65253907 16120.61 373.893 746.624
2456783.672970695 15690.56 374.628 747.109
2456783.693402319 16136.99 374.716 747.182
2456783.713833944 16131.55 374.749 747.108
2456783.734265569 16111.56 374.696 747.067
2456783.754697194 16105.88 374.649 747.048
2456783.775128819 16077.37 374.59 747.007
2456783.795560544 16056.26 374.479 747.013
2456783.81599217 16014.54 374.438 746.986
2456783.836423696 16050.72 374.375 746.933
2456783.856855421 16086.99 374.331 746.899
2456783.877287047 16108.12 374.264 746.874
2456783.897718573 16136.98 374.202 746.825
2456783.918150299 15951.14 374.763 747.206
2456783.938581925 16131.63 374.772 747.211
2456783.959013452 16140.35 374.746 747.179
2456783.979445178 16132.49 374.732 747.102
2456783.999876805 16089.33 374.668 747.07
2456784.020308531 16075.93 374.604 747.026
2456784.040740058 16102.29 374.502 747.027
2456784.061171685 16045.86 374.47 746.98
2456784.081603413 16041.52 374.419 746.96
2456784.10203494 16054.59 374.342 746.924
2456784.122466567 16053.74 374.285 746.892
2456784.142898295 16140.98 374.234 746.845
2456784.163329822 15950.71 374.729 747.177
2456784.18376145 16170.76 374.759 747.194
2456784.204193078 16120.86 374.732 747.112
2456784.224624706 16111.35 374.687 747.069
2456784.245056435 16101.6 374.646 747.03
2456784.265487963 16054.23 374.567 746.996
2456784.285919591 16057.99 374.465 746.996
2456784.30635132 16034.3 374.388 746.955
2456784.326782949 16076.95 374.321 746.915
2456784.347214478 16097.04 374.283 746.872
2456784.367646207 16116.99 374.199 746.81
2456784.388077836 16147.17 374.15 746.781
2456784.408509465 15914.38 374.674 747.141
2456784.428941095 16136.12 374.744 747.107
2456784.449372725 16109.54 374.697 747.072
2456784.469804454 16077.11 374.618 747.029
2456784.490235984 16071.64 374.502 747.031
2456784.510667614 16033.69 374.451 746.98
2456784.531099344 16039.81 374.373 746.939
2456784.551530875 16054.99 374.31 746.899
2456784.571962505 16091.6 374.235 746.863
2456784.592394236 16160.55 374.181 746.798
2456784.612825767 16156.73 374.135 746.766
2456784.633257497 16133.92 374.055 746.716
2456784.653689128 15944.76 374.513 747.027
2456784.674120659 16052.36 374.573 746.998
2456784.694552391 16066.62 374.452 746.992
2456784.714984022 16045.49 374.379 746.95
2456784.735415654 16100.5 374.306 746.889
2456784.755847286 16148.75 374.235 746.849
2456784.776278917 16457.75 374.165 746.789
2456784.796710549 16150.3 374.091 746.746
2456784.817142182 16104.28 374.038 746.708
2456784.837573814 16102.04 373.955 746.65
2456784.858005446 16131.52 373.89 746.611
2456784.878437079 16133.68 373.808 746.571
2456784.898868712 15702.57 374.588 747.073
2456784.919300344 16131.13 374.693 747.075
2456784.939731977 16084.57 374.612 747.026
2456784.960163611 16081.91 374.489 747.009
2456784.980595344 16063.82 374.417 746.969
2456785.001026877 16072.22 374.328 746.912
2456785.021458611 16135.09 374.28 746.874
2456785.041890244 16161.44 374.185 746.806
2456785.062321778 16163.56 374.113 746.759
2456785.082753513 16098.13 374.047 746.709
2456785.103185147 16107.75 373.969 746.669
2456785.123616681 16110.23 373.91 746.627
2456785.16448005 15683.75 374.526 747.05
2456785.184911585 16114.95 374.694 747.086
2456785.20534332 16080.69 374.666 747.043
2456785.225774955 16050.18 374.578 747.065
2456785.24620669 16036.36 374.527 747.017
2456785.266638225 16060.06 374.476 746.988
2456785.287069861 16035.37 374.398 746.963
2456785.307501596 16086.17 374.346 746.917
2456785.327933132 16054.9 374.298 746.901
2456785.348364768 16155.01 374.244 746.853
2456785.368796504 16150.08 374.195 746.807
2456785.38922804 15955.73 374.706 747.162
2456785.409659677 16157.69 374.756 747.122
2456785.430091413 16071.23 374.702 747.099
2456785.45052305 15972.9 374.643 747.042
2456785.470954687 15922.73 374.608 747.023
2456785.491386324 15806.85 374.522 747.007
2456785.511817961 15694.21 374.427 746.965
2456785.532249598 15568.82 374.38 746.935
2456785.552681236 15471.4 374.285 746.877
2456785.573112773 15359.54 374.236 746.845
2456785.593544511 15213.9 374.176 746.812
2456785.613976149 15081.86 374.1 746.748
2456785.634407787 14669.16 374.509 747.021
2456785.654839425 14652.99 374.598 746.994
2456785.675271064 14454.52 374.475 747.004
2456785.695702802 14296.47 374.429 746.97
2456785.716134341 14161.29 374.341 746.926
2456785.736565979 13988.68 374.307 746.885
2456785.756997718 13859.77 374.253 746.849
2456785.777429258 13690.86 374.175 746.801
2456785.797860897 13523.95 374.114 746.761
2456785.818292636 13330.03 374.051 746.713
2456785.838724175 13349.46 374.013 746.692
2456785.859155915 13206.44 373.97 746.657
2456785.879587555 12645.72 374.652 747.109
2456785.900019095 12805.89 374.741 747.111
2456785.920450835 12663.64 374.656 747.049
2456785.940882476 12518.39 374.587 747.022
2456785.961314116 12408.06 374.474 746.982
2456785.981745757 12302.55 374.413 746.948
2456786.002177398 12274.75 374.368 746.925
2456786.022609039 12288.38 374.266 746.863
2456786.04304068 12271.64 374.212 746.839
2456786.063472321 12245.46 374.174 746.797
2456786.083904062 12324.36 374.122 746.754
2456786.104335704 12330.8 374.063 746.723
2456786.124767246 12190.99 374.74 747.187
2456786.145198988 12502.67 374.772 747.205
2456786.16563063 12589.43 374.721 747.149
2456786.186062172 12635.83 374.674 747.057
2456786.206493914 12744.08 374.614 747.013
2456786.226925457 12808.5 374.47 747.001
2456786.247357199 12933.97 374.385 746.951
2456786.267788842 13105.69 374.316 746.899
2456786.288220386 13312.09 374.239 746.837
2456786.308652129 13517.23 374.183 746.799
2456786.329083772 13717.85 374.11 746.753
2456786.349515315 13834.17 374.064 746.724
2456786.369947059 13885.8 374.453 746.981
2456786.390378703 14098.16 374.432 746.973
2456786.410810247 14314.48 374.377 746.934
2456786.431241991 14533.84 374.277 746.874
2456786.451673635 14706.8 374.185 746.812
2456786.47210538 14907.06 374.123 746.748
2456786.492536924 15032.17 374.015 746.701
2456786.512968569 15163.56 373.96 746.645
2456786.533400314 15339.36 373.876 746.606
2456786.553831859 15531.8 373.802 746.55
2456786.574263504 15674.34 373.73 746.522
2456786.59469525 16037.02 373.648 746.472
2456786.615126895 15714.3 374.256 746.862
2456786.635558541 15962.22 374.264 746.858
2456786.655990187 16085.26 374.182 746.806
2456786.676421833 16129.31 374.105 746.744
2456786.696853479 16114.37 374.023 746.688
2456786.717285126 16100.98 373.955 746.656
2456786.737716772 16100.08 373.875 746.604
2456786.758148519 16130.31 373.827 746.563
2456786.778580065 16135.35 373.765 746.549
2456786.799011712 16162.3 373.707 746.499
2456786.81944336 16199.9 373.651 746.474
2456786.839875007 16202.75 373.579 746.427
2456786.860306755 15486.04 374.143 746.783
2456786.880738303 16051.44 374.303 746.893
2456786.90116995 16164.08 374.242 746.842
2456786.921601698 16153.92 374.162 746.777
2456786.942033247 16095.7 374.074 746.731
2456786.962464895 16094.97 374.01 746.683
2456786.982896643 16114.81 373.937 746.637
2456787.003328192 16299.05 373.847 746.583
2456787.023759841 16143.51 373.778 746.546
2456787.04419159 16152.42 373.695 746.499
2456787.064623139 16211.74 373.632 746.461
2456787.085054888 16241.65 373.559 746.401
2456787.125918188 16161.26 374.743 747.101
2456787.146349838 16116.08 374.696 747.084
2456787.166781487 16097.39 374.671 747.074
2456787.187213138 16082.51 374.643 747.039
2456787.207644788 16229.12 374.592 747.008
2456787.228076438 16032.17 374.58 746.984
2456787.248508189 16061.01 374.473 746.977
2456787.26893974 16021.92 374.433 746.937
2456787.289371391 16021.32 374.36 746.923
2456787.309803143 16090.52 374.307 746.893
2456787.330234794 16099.0 374.275 746.865
2456787.350666346 15990.78 374.523 747.035
2456787.371098097 16071.67 374.603 747.013
2456787.391529749 16054.64 374.507 747.025
2456787.411961301 16028.67 374.454 746.98
2456787.432393053 16051.1 374.397 746.95
2456787.452824706 16088.26 374.322 746.913
2456787.473256358 16085.25 374.305 746.881
2456787.493688011 16102.77 374.253 746.845
2456787.514119664 16157.6 374.202 746.812
2456787.534551417 16142.15 374.177 746.777
2456787.55498297 16140.95 374.101 746.732
2456787.575414624 16099.54 374.059 746.713
2456787.595846277 15994.19 374.324 746.9
2456787.616277931 16059.84 374.305 746.892
2456787.636709685 16113.56 374.259 746.87
2456787.657141239 16117.53 374.212 746.801
2456787.677572893 16164.12 374.159 746.779
2456787.698004648 16135.25 374.099 746.738
2456787.718436203 16103.12 374.041 746.706
2456787.738867857 16091.39 373.996 746.682
2456787.759299613 16097.18 373.949 746.63
2456787.779731167 16111.38 373.901 746.608
2456787.800162823 16130.11 373.829 746.571
2456787.820594579 16182.39 373.775 746.541
2456787.841026234 15925.21 374.293 746.879
2456787.86145789 16056.85 374.317 746.9
2456787.881889546 16095.53 374.273 746.863
2456787.902321202 16104.38 374.212 746.814
2456787.922752859 16170.65 374.149 746.768
2456787.943184515 16136.55 374.093 746.743
2456787.963616172 16102.78 374.026 746.698
2456787.984047929 16090.95 373.985 746.679
2456788.004479486 16092.44 373.924 746.618
2456788.024911143 16090.63 373.879 746.584
2456788.045342901 16148.9 373.807 746.553
2456788.065774458 16174.02 373.742 746.529
2456788.086206216 15729.29 374.472 746.995
2456788.106637874 16071.77 374.6 747.006
2456788.127069432 16061.19 374.488 747.004
2456788.147501191 16026.77 374.415 746.969
2456788.167932849 16067.99 374.343 746.915
2456788.188364408 16087.16 374.298 746.875
2456788.208796167 16158.55 374.221 746.807
2456788.229227726 16151.65 374.156 746.774
2456788.249659485 16110.27 374.091 746.731
2456788.270091145 16113.2 374.021 746.691
2456788.290522704 16101.87 373.97 746.659
2456788.310954464 16098.98 373.906 746.611
2456788.331386124 16093.74 374.203 746.809
2456788.351817784 16151.08 374.182 746.799
2456788.372249444 16138.97 374.116 746.75
2456788.392681105 16106.88 374.057 746.712
2456788.413112766 16124.05 373.988 746.659
2456788.433544427 16125.77 373.934 746.634
2456788.453976088 16101.54 373.884 746.606
2456788.474407849 16143.44 373.818 746.564
2456788.49483951 16151.94 373.774 746.534
2456788.515271072 16150.14 373.698 746.5
2456788.535702834 16204.19 373.645 746.471
2456788.556134495 16234.56 373.579 746.418
2456788.576566058 15709.31 374.195 746.821
2456788.59699782 16061.21 374.324 746.887
2456788.617429483 16137.34 374.235 746.836
2456788.637861245 16134.41 374.171 746.788
2456788.658292808 16131.09 374.08 746.733
2456788.678724471 16118.53 374.019 746.69
2456788.699156235 16084.79 373.941 746.648
2456788.719587798 16122.08 373.886 746.609
2456788.740019462 16148.3 373.808 746.566
2456788.760451226 16156.92 373.737 746.524
2456788.780882789 16156.84 373.693 746.503
2456788.801314454 16198.83 373.598 746.442
2456788.821746218 15888.53 374.208 746.831
2456788.842177783 16085.36 374.292 746.876
2456788.862609547 16159.26 374.183 746.794
2456788.883041112 16149.81 374.127 746.753
2456788.903472777 16101.52 374.026 746.685
2456788.923904542 16090.31 373.958 746.648
2456788.944336108 16113.32 373.877 746.601
2456788.964767774 16167.24 373.81 746.551
2456788.985199539 16182.42 373.742 746.522
2456789.005631206 16185.92 373.663 746.477
2456789.026062872 16194.2 373.595 746.435
2456789.046494538 16223.32 373.51 746.351
2456789.087357872 16067.86 374.435 746.951
2456789.107789539 16020.39 374.425 746.922
2456789.128221206 16311.04 374.36 746.924
2456789.148652973 16100.45 374.288 746.873
2456789.169084541 16110.44 374.256 746.859
2456789.189516209 16134.2 374.204 746.81
2456789.209947976 16503.41 374.172 746.786
2456789.230379545 16177.76 374.133 746.759
2456789.250811313 16121.98 374.076 746.711
2456789.271242981 16085.72 374.034 746.696
2456789.29167455 16108.95 373.96 746.663
2456789.312106319 15921.5 374.199 746.809
2456789.332537988 16116.53 374.239 746.836
2456789.352969558 16161.92 374.189 746.794
2456789.373401327 16165.36 374.151 746.758
2456789.393832996 16126.57 374.108 746.709
2456789.414264766 16106.66 374.047 746.692
2456789.434696336 16130.36 373.986 746.673
2456789.455128007 16093.74 373.945 746.634
2456789.475559777 16130.99 373.894 746.616
2456789.495991347 16109.18 373.855 746.578
2456789.516423018 16117.09 373.821 746.549
2456789.536854689 16179.59 373.748 746.521
2456789.55728636 15780.62 374.299 746.873
2456789.577718032 16058.86 374.417 746.949
2456789.598149703 16047.2 374.362 746.917
2456789.618581375 16052.74 374.302 746.89
2456789.639013147 16115.35 374.257 746.842
2456789.65944472 16170.69 374.215 746.797
2456789.679876392 16129.75 374.12 746.751
2456789.700308164 16130.27 374.08 746.723
2456789.720739837 16095.21 374.016 746.678
2456789.74117141 16103.78 373.96 746.647
2456789.761603183 16116.48 373.931 746.614
2456789.782034856 16149.25 373.838 746.582
2456789.80246643 15841.2 374.294 746.877
2456789.822898204 16057.86 374.351 746.912
2456789.843329878 16071.87 374.294 746.869
2456789.863761652 16130.86 374.23 746.843
2456789.884193226 16166.89 374.159 746.77
2456789.904624901 16127.08 374.125 746.736
2456789.925056675 16112.59 374.055 746.688
2456789.94548825 16086.71 373.989 746.662
2456789.965919925 16127.54 373.925 746.62
2456789.9863517 16121.29 373.873 746.594
2456790.006783276 16159.05 373.83 746.562
2456790.027215052 16171.21 373.759 746.527
2456790.047646728 15656.67 374.352 746.909
2456790.068078304 16043.33 374.463 746.984
2456790.08851008 16045.41 374.417 746.953
2456790.108941757 16055.68 374.374 746.918
2456790.129373333 16094.35 374.302 746.869
2456790.14980511 16112.57 374.255 746.835
2456790.170236787 16124.33 374.169 746.775
2456790.190668465 16137.34 374.13 746.75
2456790.211100142 16124.73 374.043 746.708
2456790.23153182 16111.4 374.008 746.66
2456790.251963498 16119.6 373.936 746.628
2456790.272395176 16111.7 373.869 746.583
2456790.292826854 16037.35 374.159 746.781
2456790.313258532 16165.38 374.156 746.768
2456790.333690211 16146.51 374.105 746.734
2456790.35412189 16112.22 374.047 746.695
2456790.374553669 16133.56 373.972 746.644
2456790.394985248 16107.09 373.914 746.622
2456790.415417028 16152.24 373.853 746.567
2456790.435848708 16151.24 373.8 746.547
2456790.456280288 16173.29 373.723 746.509
2456790.476712068 16180.01 373.666 746.476
2456790.497143748 16192.1 373.617 746.436
2456790.517575329 16194.51 373.558 746.375
2456790.538007109 15771.93 374.118 746.755
2456790.55843879 16176.0 374.243 746.83
2456790.578870571 16125.69 374.183 746.788
2456790.599302153 16151.7 374.094 746.725
2456790.619733834 16140.21 374.056 746.705
2456790.640165616 16102.1 373.977 746.653
2456790.660597198 16124.44 373.915 746.609
2456790.68102888 16122.5 373.86 746.587
2456790.701460662 16143.9 373.801 746.539
2456790.721892245 16155.61 373.752 746.518
2456790.742323928 16149.95 373.678 746.483
2456790.762755711 16165.3 373.642 746.447
2456790.783187394 15747.1 374.311 746.877
2456790.803619077 16075.67 374.455 746.965
2456790.824050761 16042.24 374.388 746.922
2456790.844482445 16056.6 374.305 746.881
2456790.864914129 16164.75 374.25 746.832
2456790.885345813 16139.27 374.167 746.776
2456790.905777398 16154.33 374.12 746.745
2456790.926209182 16105.98 374.046 746.686
2456790.946640867 16071.17 373.987 746.659
2456790.967072552 16108.9 373.906 746.611
2456790.987504237 16130.93 373.868 746.575
2456791.007935923 16163.05 373.804 746.546
2456791.048799295 16060.98 374.398 746.93
2456791.069230981 16092.95 374.295 746.867
2456791.089662767 16116.83 374.226 746.831
2456791.110094353 16146.3 374.17 746.776
2456791.13052604 16133.06 374.107 746.751
2456791.150957827 16103.57 374.07 746.703
2456791.171389414 16106.72 374.027 746.674
2456791.191821202 16093.71 373.997 746.644
2456791.212252889 16092.97 373.923 746.609
2456791.232684477 16103.23 373.91 746.586
2456791.253116265 16167.5 373.831 746.57
2456791.273547953 15640.77 374.172 746.779
2456791.293979541 16080.32 374.328 746.888
2456791.31441133 16096.3 374.278 746.866
2456791.334843019 16140.25 374.245 746.84
2456791.355274808 16121.91 374.197 746.793
2456791.375706397 16158.64 374.157 746.759
2456791.396138087 16117.11 374.102 746.722
2456791.416569876 16141.94 374.065 746.707
2456791.437001466 16107.69 374.005 746.683
2456791.457433156 16105.23 373.985 746.656
2456791.477864947 16118.4 373.93 746.618
2456791.498296637 16114.14 373.892 746.592
2456791.518728228 15839.76 374.326 746.878
2456791.539160019 16040.63 374.412 746.931
2456791.55959161 16043.64 374.366 746.907
2456791.580023401 16075.28 374.309 746.857
2456791.600455093 16165.23 374.247 746.845
2456791.620886685 16135.48 374.212 746.807
2456791.641318477 16154.22 374.148 746.773
2456791.661750169 16115.95 374.131 746.739
2456791.682181762 16123.57 374.087 746.702
2456791.702613554 16115.2 374.037 746.691
2456791.723045247 16094.96 373.985 746.646
2456791.74347704 16088.88 373.941 746.636
2456791.763908634 15988.16 374.267 746.844
2456791.784340328 16082.11 374.351 746.907
2456791.804772121 16078.29 374.327 746.869
2456791.825203715 16103.44 374.269 746.836
2456791.845635409 16129.64 374.225 746.82
2456791.866067204 16154.96 374.167 746.768
2456791.886498799 16133.48 374.134 746.746
2456791.906930493 16135.79 374.079 746.716
2456791.927362288 16109.87 374.047 746.689
2456791.947793884 16083.11 373.985 746.658
2456791.968225679 16127.02 373.952 746.629
2456791.988657375 16096.24 373.895 746.6
2456792.009089071 15884.29 374.305 746.872
2456792.029520767 16170.87 374.384 746.928
2456792.049952463 16054.0 374.326 746.875
2456792.07038416 16108.77 374.295 746.852
2456792.090815857 16121.64 374.228 746.803
2456792.111247554 16150.56 374.18 746.777
2456792.131679351 16140.15 374.123 746.743
2456792.152111049 16090.86 374.078 746.712
2456792.172542647 16108.96 374.048 746.69
2456792.192974444 16095.89 373.996 746.661
2456792.213406043 16117.05 373.95 746.632
2456792.233837741 16097.55 373.902 746.602
2456792.254269539 15927.67 374.307 746.877
2456792.274701138 16041.31 374.365 746.896
2456792.295132937 16112.43 374.295 746.855
2456792.315564637 16125.35 374.245 746.823
2456792.335996236 16141.98 374.19 746.786
2456792.356428036 16155.25 374.145 746.767
2456792.376859736 16120.5 374.084 746.716
2456792.397291336 16115.73 374.064 746.692
2456792.417723136 16079.42 373.993 746.653
2456792.438154837 16077.33 373.952 746.637
2456792.458586438 16110.67 373.896 746.595
2456792.479018239 16128.85 373.841 746.564
2456792.49944994 16075.23 374.258 746.837
2456792.519881742 16122.62 374.256 746.834
2456792.540313343 16136.38 374.206 746.798
2456792.560745045 16143.52 374.137 746.745
2456792.581176847 16127.02 374.092 746.719
2456792.60160845 16102.36 374.031 746.679
2456792.622040152 16103.71 373.976 746.651
2456792.642471955 16120.15 373.93 746.62
2456792.662903658 16113.36 373.883 746.586
2456792.683335362 16126.99 373.84 746.56
2456792.703767065 16148.04 373.776 746.518
2456792.724198769 16180.67 373.733 746.509
2456792.744630473 15464.7 374.512 747.009
2456792.765062177 16153.59 374.726 747.134
2456792.785493881 16127.23 374.719 747.068
2456792.805925586 16083.11 374.655 747.024
2456792.826357291 16075.88 374.6 746.985
2456792.846788996 16167.9 374.486 746.983
2456792.867220801 16059.07 374.43 746.945
2456792.887652407 16048.5 374.347 746.893
2456792.908084213 16095.08 374.289 746.861
2456792.928515819 16140.13 374.215 746.796
2456792.948947525 16165.15 374.156 746.76
2456792.969379331 16184.07 374.098 746.718
2456793.010242645 16025.69 374.357 746.893
2456793.030674452 16074.79 374.339 746.882
2456793.051106059 16107.13 374.291 746.854
2456793.071537867 16121.74 374.206 746.815
2456793.091969575 16141.74 374.173 746.775
2456793.112401183 16126.45 374.093 746.733
2456793.132832991 16118.02 374.086 746.709
2456793.1532647 16079.67 374.038 746.686
2456793.173696309 16091.25 374.008 746.647
2456793.194128118 16062.99 373.977 746.616
2456793.214559827 16074.21 373.907 746.604
2456793.234991536 15656.68 374.528 747.017
2456793.255423246 16122.04 374.722 747.073
2456793.275854956 16098.99 374.701 747.052
2456793.296286766 16058.72 374.627 747.016
2456793.316718377 16081.1 374.609 746.99
2456793.337150088 16068.31 374.56 746.955
2456793.357581898 16073.77 374.456 746.966
2456793.378013609 16019.55 374.423 746.945
2456793.398445221 16182.2 374.366 746.92
2456793.418877032 16067.23 374.34 746.886
2456793.439308744 16070.87 374.283 746.846
2456793.459740556 16119.66 374.261 746.83
2456793.480172168 15978.44 374.42 746.927
2456793.500603881 15988.3 374.428 746.932
2456793.521035694 16206.01 374.384 746.902
2456793.541467307 16071.83 374.327 746.884
2456793.56189892 16106.65 374.281 746.853
2456793.582330734 16128.74 374.223 746.812
2456793.602762447 16145.1 374.204 746.802
2456793.623194261 16143.73 374.154 746.732
2456793.643625875 16121.31 374.106 746.723
2456793.66405759 16103.63 374.056 746.695
2456793.684489404 16081.63 374.004 746.659
2456793.704921019 16096.13 373.947 746.635
2456793.725352734 16030.91 374.253 746.83
2456793.74578455 16098.71 374.289 746.856
2456793.766216165 16138.11 374.245 746.817
2456793.786647881 16148.08 374.204 746.792
2456793.807079697 16148.73 374.145 746.745
2456793.827511313 16292.28 374.108 746.726
2456793.847943129 16118.12 374.053 746.695
2456793.868374846 16080.1 374.009 746.665
2456793.888806563 16091.96 373.979 746.636
2456793.90923828 16088.06 373.919 746.603
2456793.929669998 16106.01 373.895 746.586
2456793.950101716 16105.36 373.837 746.562
2456793.970533433 15741.07 374.496 746.994
2456793.990965152 16076.14 374.641 747.017
2456794.01139697 16051.92 374.614 746.983
2456794.031828689 16058.35 374.516 746.991
2456794.052260308 16054.91 374.457 746.951
2456794.072692127 16045.78 374.415 746.935
2456794.093123846 16043.38 374.353 746.899
2456794.113555466 16082.01 374.317 746.87
2456794.133987286 16109.76 374.254 746.826
2456794.154419006 16142.28 374.207 746.796
2456794.174850726 16162.42 374.139 746.749
2456794.195282447 16104.06 374.089 746.718
2456794.215714068 15990.75 374.416 746.929
2456794.236145888 16045.65 374.421 746.925
2456794.25657761 16026.86 374.375 746.901
2456794.277009232 16069.0 374.302 746.856
2456794.297441053 16137.09 374.264 746.845
2456794.317872775 16142.24 374.169 746.773
2456794.338304398 16159.53 374.135 746.743
2456794.35873622 16142.0 374.094 746.704
2456794.379167943 16104.33 374.035 746.673
2456794.399599766 16110.51 373.986 746.643
2456794.420031389 16104.0 373.93 746.616
2456794.440463113 16080.22 373.896 746.59
2456794.460894936 16067.59 374.251 746.825
2456794.48132656 16120.97 374.268 746.835
2456794.501758284 16077.82 374.189 746.78
2456794.522190109 16143.79 374.138 746.748
2456794.542621834 16136.67 374.087 746.7
2456794.563053559 16116.32 374.029 746.672
2456794.583485284 16092.41 373.964 746.638
2456794.603917009 16098.67 373.904 746.599
2456794.624348735 16132.71 373.868 746.565
2456794.644780461 16146.26 373.807 746.537
2456794.665212187 16195.27 373.759 746.501
2456794.685644014 16206.09 373.689 746.472
2456794.70607564 15944.41 374.24 746.833
2456794.726507367 16093.83 374.3 746.856
2456794.746939194 16148.51 374.252 746.823
2456794.767370822 16143.38 374.184 746.783
2456794.78780265 16127.76 374.122 746.725
2456794.808234377 16099.96 374.063 746.696
2456794.828666006 16093.82 373.992 746.646
2456794.849097834 16091.26 373.939 746.614
2456794.869529462 16131.89 373.856 746.575
2456794.889961191 16126.4 373.822 746.544
2456794.910393021 16156.06 373.747 746.501
2456794.93082465 16153.11 373.692 746.469
2456794.97168821 15977.59 374.432 746.946
2456794.99211984 16044.84 374.401 746.929
2456795.01255167 16031.78 374.337 746.892
2456795.032983401 16086.58 374.313 746.862
2456795.053415132 16159.67 374.241 746.819
2456795.073846863 16142.87 374.22 746.789
2456795.094278594 16163.09 374.148 746.751
2456795.114710426 16123.06 374.109 746.738
2456795.135142058 16079.82 374.057 746.707
2456795.15557379 16106.88 374.029 746.674
2456795.176005622 16095.32 373.999 746.644
2456795.196437255 16008.53 374.329 746.876
2456795.216868988 16035.7 374.34 746.851
2456795.237300821 16076.57 374.276 746.819
2456795.257732554 16127.89 374.236 746.807
2456795.278164188 16140.63 374.167 746.759
2456795.298596022 16122.48 374.133 746.74
2456795.319027756 16088.55 374.085 746.706
2456795.339459591 16119.16 374.046 746.687
2456795.359891226 16103.57 374.008 746.659
2456795.38032296 16104.62 373.97 746.631
2456795.400754795 16100.23 373.936 746.613
2456795.421186431 16107.61 373.885 746.586
2456795.441618166 15842.15 374.404 746.928
2456795.462050003 16029.59 374.442 746.969
2456795.482481638 16033.29 374.434 746.937
2456795.502913475 16059.84 374.39 746.907
2456795.523345112 16063.29 374.357 746.876
2456795.543776849 16067.61 374.316 746.845
2456795.564208686 16125.82 374.269 746.823
2456795.584640324 16156.26 374.21 746.802
2456795.605072061 16132.39 374.161 746.754
2456795.625503899 16137.25 374.121 746.741
2456795.645935537 16096.64 374.068 746.693
2456795.666367376 16117.49 374.039 746.676
2456795.686799115 15937.18 374.4 746.896
2456795.707230854 16052.77 374.435 746.941
2456795.727662593 16056.09 374.393 746.919
2456795.748094332 16069.03 374.336 746.869
2456795.768526072 16075.1 374.309 746.86
2456795.788957812 16148.63 374.245 746.823
2456795.809389553 16128.79 374.221 746.791
2456795.829821293 16144.99 374.167 746.759
2456795.850253134 16173.66 374.136 746.742
2456795.870684775 16138.16 374.086 746.702
2456795.891116616 16066.29 374.045 746.68
2456795.911548358 16111.5 373.996 746.655
2456795.931979999 15882.38 374.512 746.986
2456795.952411842 16051.15 374.615 746.983
2456795.972843584 16065.37 374.486 746.977
2456795.993275227 16062.67 374.459 746.954
2456796.01370707 16031.62 374.386 746.916
2456796.034138813 16056.41 374.349 746.889
2456796.054570656 16067.4 374.299 746.855
2456796.0750023 16139.16 374.265 746.815
2456796.095434044 16125.36 374.204 746.775
2456796.115865788 16154.48 374.137 746.736
2456796.136297532 16119.02 374.091 746.709
2456796.156729277 16081.6 374.031 746.67
2456796.177161022 15975.15 374.352 746.885
2456796.197592767 16049.25 374.349 746.878
2456796.218024612 16099.96 374.297 746.853
2456796.238456258 16121.41 374.232 746.808
2456796.258888004 16148.67 374.172 746.768
2456796.279319851 16161.12 374.142 746.735
2456796.299751497 16113.32 374.075 746.691
2456796.320183244 16079.82 374.028 746.662
2456796.340615091 16085.41 373.969 746.63
2456796.361046738 16104.83 373.929 746.603
2456796.381478486 16100.99 373.865 746.582
2456796.401910333 16133.44 373.824 746.539
2456796.422342082 15649.64 374.544 747.011
2456796.44277383 16205.19 374.732 747.048
2456796.463205579 16110.98 374.687 747.027
2456796.483637328 16049.65 374.616 746.988
2456796.504069077 16053.19 374.569 746.961
2456796.524500826 16043.57 374.452 746.947
2456796.544932576 16036.98 374.421 746.925
2456796.565364426 16059.64 374.348 746.882
2456796.585796076 16086.25 374.295 746.852
2456796.606227926 16146.03 374.243 746.81
2456796.626659677 16148.97 374.191 746.768
2456796.647091328 16124.16 374.139 746.739
2456796.66752318 15967.46 374.459 746.956
2456796.687954931 16055.24 374.471 746.97
2456796.708386583 16045.57 374.417 746.922
2456796.728818435 16030.82 374.369 746.89
2456796.749250187 16089.01 374.302 746.851
2456796.76968194 16149.43 374.251 746.819
2456796.790113693 16150.75 374.189 746.772
2456796.810545446 16155.9 374.139 746.74
2456796.830977199 16135.2 374.089 746.699
2456796.851408953 16123.71 374.033 746.666
2456796.871840707 16084.23 373.98 746.637
2456796.892272461 16097.97 373.939 746.6
2456796.93313597 16100.6 374.295 746.846
2456796.953567726 16150.0 374.246 746.812
2456796.973999481 16166.75 374.171 746.77
2456796.994431336 16139.29 374.152 746.731
2456797.014862992 16082.68 374.098 746.693
2456797.035294748 16068.85 374.078 746.674
2456797.055726605 16075.41 374.037 746.651
2456797.076158361 16102.74 373.973 746.63
2456797.096590018 16081.39 373.941 746.609
2456797.117021875 16121.84 373.894 746.585
2456797.137453633 16093.3 373.874 746.572
2456797.15788539 15821.98 374.25 746.822
2456797.178317148 16048.2 374.487 746.971
2456797.198748907 16055.05 374.446 746.938
2456797.219180765 16057.08 374.422 746.923
2456797.239612424 16042.82 374.372 746.891
2456797.260044183 16083.58 374.344 746.886
2456797.280476043 16065.71 374.298 746.859
2456797.300907702 16109.15 374.275 746.828
2456797.321339562 16160.4 374.235 746.798
2456797.341771322 16177.73 374.187 746.762
2456797.362202982 16132.83 374.167 746.735
2456797.382634843 16103.3 374.105 746.716
2456797.403066604 15975.04 374.401 746.895
2456797.423498265 16041.19 374.38 746.907
2456797.443930127 16063.58 374.351 746.879
2456797.464361889 16068.49 374.302 746.852
2456797.484793751 16145.16 374.247 746.822
2456797.505225413 16140.61 374.227 746.779
2456797.525657076 16146.26 374.172 746.75
2456797.546088939 16122.53 374.127 746.727
2456797.566520702 16112.03 374.068 746.687
2456797.586952466 16119.16 374.036 746.667
2456797.607384229 16102.61 373.985 746.638
2456797.627815993 16063.43 373.968 746.62
2456797.648247757 15717.71 374.598 747.035
2456797.668679522 16121.34 374.707 747.104
2456797.689111287 16074.83 374.711 747.04
2456797.709543152 16072.01 374.651 747.007
2456797.729974917 16073.57 374.631 746.985
2456797.750406583 16050.01 374.585 746.963
2456797.770838449 16041.52 374.564 746.95
2456797.791270215 16077.77 374.465 746.941
2456797.811701882 16051.71 374.439 746.945
2456797.832133748 16038.19 374.391 746.899
2456797.852565515 16089.13 374.347 746.878
2456797.872997383 16091.09 374.283 746.842
2456797.89342905 15974.99 374.532 746.994
2456797.913860818 16066.57 374.603 746.964
2456797.934292686 16060.32 374.501 746.956
2456797.954724355 16039.31 374.457 746.944
2456797.975156123 16069.77 374.38 746.889
2456797.995587992 16081.9 374.333 746.867
2456798.016019662 16144.74 374.265 746.832
2456798.036451531 16167.79 374.231 746.792
2456798.056883301 16148.53 374.168 746.75
2456798.077314971 16145.14 374.107 746.711
2456798.097746842 16075.87 374.043 746.678
2456798.118178612 16097.44 373.988 746.628
2456798.138610283 15923.79 374.375 746.898
2456798.159042154 16130.67 374.404 746.899
2456798.179473826 16208.89 374.341 746.866
2456798.199905698 16162.65 374.264 746.819
2456798.22033747 16161.43 374.201 746.772
2456798.240769142 16144.97 374.111 746.72
2456798.261201015 16114.42 374.078 746.696
2456798.281632788 16114.89 374.038 746.652
2456798.302064561 16118.23 373.993 746.633
2456798.322496334 16084.4 373.965 746.616
2456798.342928108 16098.72 373.916 746.593
2456798.363359882 16114.55 373.888 746.582
2456798.383791656 15941.82 374.442 746.935
2456798.404223431 16095.04 374.495 746.962
2456798.424655306 16066.0 374.425 746.918
2456798.445087081 16070.04 374.379 746.897
2456798.465518756 16097.6 374.301 746.841
2456798.485950632 16158.01 374.257 746.801
2456798.506382408 16174.05 374.179 746.757
2456798.526814085 16130.25 374.134 746.731
2456798.547245961 16124.01 374.068 746.687
2456798.567677738 16121.13 374.026 746.66
2456798.588109615 16089.49 373.989 746.619
2456798.608541293 16098.4 373.919 746.598
2456798.628973071 15834.27 374.473 746.938
2456798.649404949 16069.15 374.589 746.967
2456798.669836627 16083.16 374.505 746.975
2456798.690268405 16060.46 374.422 746.921
2456798.710700284 16054.46 374.385 746.89
2456798.731131963 16105.85 374.293 746.844
2456798.751563843 16154.54 374.252 746.806
2456798.771995622 16212.77 374.18 746.757
2456798.792427302 16123.09 374.132 746.714
2456798.812859183 16121.87 374.066 746.685
2456798.833290863 16093.12 374.001 746.652
2456798.853722644 16089.53 373.958 746.607
2456798.894586207 16050.21 374.537 746.966
2456798.915017989 16075.43 374.503 746.96
2456798.935449871 16053.13 374.496 746.94
2456798.955881653 16048.64 374.425 746.926
2456798.976313435 16068.37 374.398 746.906
2456798.996745219 16060.96 374.361 746.88
2456799.017177002 16051.06 374.331 746.874
2456799.037608785 16096.84 374.291 746.829
2456799.058040569 16131.76 374.261 746.812
2456799.078472353 16156.0 374.214 746.777
2456799.098904237 16178.22 374.17 746.748
2456799.119335922 16005.36 374.46 746.948
2456799.139767807 16048.16 374.452 746.947
2456799.160199592 16039.81 374.424 746.931
2456799.180631278 16094.19 374.373 746.879
2456799.201063163 16083.63 374.35 746.86
2456799.221494949 16112.42 374.289 746.827
2456799.241926636 16163.92 374.267 746.803
2456799.262358523 16162.84 374.22 746.766
2456799.282790309 16137.73 374.189 746.762
2456799.303222197 16138.01 374.124 746.725
2456799.323653884 16105.75 374.098 746.701
2456799.344085672 16108.51 374.054 746.679
2456799.36451756 15921.45 374.37 746.89
2456799.384949248 16061.68 374.426 746.908
2456799.405381037 16065.18 374.381 746.878
2456799.425812926 16092.82 374.336 746.863
2456799.446244616 16122.16 374.275 746.82
2456799.466676505 16159.67 374.242 746.801
2456799.487108195 16163.58 374.173 746.761
2456799.507539985 16172.27 374.141 746.726
2456799.527971875 16124.75 374.113 746.696
2456799.548403566 16097.67 374.068 746.668
2456799.568835357 16088.67 374.013 746.65
2456799.589267249 16107.22 373.978 746.622
2456799.60969904 15947.61 374.326 746.848
2456799.630130732 16030.42 374.397 746.9
2456799.650562624 16066.29 374.366 746.882
2456799.670994417 16113.82 374.308 746.847
2456799.69142621 16124.21 374.282 746.823
2456799.711858003 16153.89 374.222 746.788
2456799.732289796 16143.38 374.191 746.755
2456799.75272169 16137.98 374.126 746.721
2456799.773153384 16105.86 374.089 746.695
2456799.793585178 16120.21 374.042 746.67
2456799.814017073 16098.85 374.012 746.633
2456799.834448768 16080.44 373.983 746.612
2456799.854880663 15760.26 374.459 746.945
2456799.875312458 16087.85 374.665 746.997
2456799.895744154 16070.04 374.611 746.96
2456799.91617605 16047.74 374.586 746.953
2456799.936607847 16062.05 374.464 746.94
2456799.957039543 16064.46 374.447 746.93
2456799.977471441 16042.91 374.382 746.892
2456799.997903238 16068.78 374.35 746.873
2456800.018335135 16107.2 374.296 746.847
2456800.038766833 16145.92 374.252 746.807
2456800.059198631 16153.11 374.214 746.772
2456800.07963043 16159.75 374.172 746.735
2456800.100062228 15989.71 374.48 746.947
2456800.120494028 16086.03 374.48 746.949
2456800.140925827 16034.12 374.451 746.933
2456800.161357626 16056.98 374.389 746.887
2456800.181789526 16067.49 374.357 746.88
2456800.202221227 16105.81 374.287 746.834
2456800.222653027 16146.3 374.273 746.802
2456800.243084928 16163.4 374.189 746.764
2456800.263516629 16163.27 374.153 746.722
2456800.283948431 16124.03 374.098 746.706
2456800.304380333 16099.62 374.057 746.664
2456800.324812135 16088.53 374.009 746.641
2456800.345243837 15901.32 374.394 746.896
2456800.365675739 16067.95 374.457 746.933
2456800.386107543 16051.6 374.399 746.895
2456800.406539446 16063.26 374.352 746.878
2456800.42697115 16090.44 374.299 746.83
2456800.447402953 16149.98 374.27 746.815
2456800.467834857 16160.73 374.195 746.757
2456800.488266562 16143.53 374.154 746.737
2456800.508698367 16108.46 374.087 746.689
2456800.529130272 16109.46 374.06 746.672
2456800.549561977 16078.25 374.009 746.626
2456800.569993883 16196.26 373.961 746.611
2456800.590425689 16101.35 374.205 746.771
2456800.610857395 16167.69 374.207 746.765
2456800.631289302 16144.0 374.149 746.727
2456800.651721109 16109.2 374.094 746.691
2456800.672152816 16097.66 374.049 746.669
2456800.692584724 16089.33 373.985 746.62
2456800.713016531 16085.04 373.943 746.596
2456800.73344834 16113.58 373.882 746.552
2456800.753880148 16113.98 373.845 746.532
2456800.774311957 15987.99 373.77 746.493
2456800.794743866 15581.61 373.723 746.475
2456800.815175575 15057.83 373.676 746.427
2456800.856039195 13536.09 374.412 746.898
2456800.876471005 12754.06 374.41 746.896
2456800.896902916 11970.68 374.388 746.864
2456800.917334727 11138.84 374.377 746.85
2456800.937766438 10421.14 374.33 746.836
2456800.958198349 9917.573 374.293 746.831
2456800.978630161 9813.01 374.267 746.817
2456800.999061873 10233.17 374.224 746.777
2456801.019493786 10882.83 374.188 746.756
2456801.039925599 11683.9 374.15 746.717
2456801.060357311 12469.13 374.13 746.707
2456801.080789225 13191.99 374.352 746.858
2456801.101221038 13975.46 374.378 746.887
2456801.121652952 14707.69 374.323 746.845
2456801.142084667 15312.94 374.292 746.836
2456801.162516481 15816.72 374.237 746.792
2456801.182948396 16118.79 374.219 746.776
2456801.203380111 16161.78 374.173 746.736
2456801.223811927 16160.06 374.148 746.713
2456801.244243843 16094.6 374.116 746.696
2456801.264675559 16066.49 374.044 746.677
2456801.285107475 16046.2 373.992 746.629
2456801.305539292 16082.88 373.993 746.63
2456801.325971009 15716.46 374.48 746.94
2456801.346402926 16046.11 374.651 746.989
2456801.366834744 16058.34 374.626 746.975
2456801.387266562 16051.51 374.512 746.985
2456801.40769838 16054.54 374.5 746.96
2456801.428130199 16053.96 374.475 746.919
2456801.448562018 16020.86 374.425 746.909
2456801.468993837 16049.77 374.389 746.88
2456801.489425656 16054.27 374.347 746.862
2456801.509857477 16115.1 374.295 746.845
2456801.530289297 16153.51 374.26 746.802
2456801.550721117 16146.32 374.199 746.761
2456801.571152938 15977.47 374.536 746.967
2456801.591584759 16032.72 374.605 746.948
2456801.612016681 16075.33 374.508 746.964
2456801.632448502 16071.96 374.482 746.946
2456801.652880224 16054.61 374.418 746.904
2456801.673312147 16054.23 374.393 746.889
2456801.693743969 16083.9 374.342 746.859
2456801.714175692 16101.5 374.315 746.838
2456801.734607616 16151.79 374.247 746.792
2456801.755039439 16167.48 374.212 746.768
2456801.775471163 16156.21 374.154 746.73
2456801.795903088 16185.28 374.115 746.7
2456801.816334912 16047.5 374.321 746.855
2456801.836766837 16120.19 374.317 746.836
2456801.857198562 16105.7 374.302 746.811
2456801.877630388 16118.7 374.248 746.788
2456801.898062313 16176.11 374.211 746.764
2456801.91849404 16146.95 374.148 746.718
2456801.938925866 16139.16 374.115 746.703
2456801.959357793 16080.18 374.057 746.661
2456801.97978952 16109.14 374.025 746.645
2456802.000221448 16080.98 373.971 746.609
2456802.020653275 16074.38 373.936 746.591
2456802.041085003 16109.08 373.879 746.555
2456802.061516932 15969.46 374.316 746.845
2456802.08194876 16061.74 374.384 746.879
2456802.102380489 16090.3 374.348 746.845
2456802.122812419 16078.68 374.304 746.82
2456802.143244248 16154.78 374.247 746.787
2456802.163676078 16144.02 374.218 746.775
2456802.184107909 16141.25 374.155 746.722
2456802.204539739 16124.74 374.119 746.704
2456802.22497157 16092.25 374.065 746.672
2456802.245403401 16093.1 374.047 746.643
2456802.265835233 16129.57 373.973 746.608
2456802.286267165 16176.58 373.951 746.595
2456802.306698897 16126.79 374.181 746.744
2456802.327130729 16148.63 374.2 746.755
2456802.347562662 16144.3 374.153 746.729
2456802.367994395 16141.71 374.121 746.696
2456802.388426329 16081.93 374.067 746.662
2456802.408858162 16092.55 374.023 746.637
2456802.429289897 16103.16 373.972 746.616
2456802.449721831 16211.34 373.942 746.589
2456802.470153666 16115.98 373.89 746.557
2456802.490585401 16121.8 373.848 746.528
2456802.511017337 16137.06 373.812 746.509
2456802.531449172 16180.8 373.755 746.484
2456802.551881108 15869.11 374.345 746.852
2456802.572312844 16048.27 374.412 746.893
2456802.592744681 16072.08 374.39 746.873
2456802.613176618 16070.65 374.327 746.834
2456802.633608356 16141.57 374.281 746.811
2456802.654040193 16152.94 374.223 746.778
2456802.674472131 16192.06 374.191 746.751
2456802.694903869 16134.72 374.136 746.713
2456802.715335808 16128.22 374.099 746.688
2456802.735767647 16086.16 374.058 746.658
2456802.756199386 16099.93 374.006 746.626
2456802.776631326 16068.97 373.965 746.6
2456802.817495006 15942.41 374.476 746.941
2456802.837926846 16047.41 374.53 746.966
2456802.858358688 16097.85 374.493 746.944
2456802.878790429 16039.92 374.429 746.915
2456802.89922237 16046.64 374.396 746.89
2456802.919654212 16104.71 374.341 746.859
2456802.940086154 16080.03 374.323 746.849
2456802.960517897 16131.59 374.264 746.809
2456802.980949739 16166.18 374.262 746.795
2456803.001381683 16129.86 374.218 746.755
2456803.021813427 16150.92 374.199 746.734
2456803.04224527 15636.64 374.593 747.031
2456803.062677214 16146.71 374.816 747.162
2456803.083108959 16096.05 374.785 747.141
2456803.103540903 16161.38 374.743 747.104
2456803.123972749 16138.83 374.746 747.049
2456803.144404494 16115.67 374.725 747.031
2456803.16483644 16107.8 374.694 747.008
2456803.185268286 16086.8 374.659 746.987
2456803.205700032 16055.3 374.638 746.967
2456803.226131979 16051.43 374.585 746.938
2456803.246563826 16033.96 374.56 746.919
2456803.266995774 16054.05 374.451 746.929
2456803.287427522 16044.41 374.436 746.905
2456803.30785937 16063.82 374.369 746.882
2456803.328291318 16109.44 374.356 746.857
2456803.348723067 16082.29 374.319 746.832
2456803.369154916 16139.45 374.284 746.812
2456803.389586865 16130.71 374.275 746.783
2456803.410018715 16156.65 374.223 746.764
2456803.430450565 16149.16 374.205 746.742
2456803.450882316 16120.15 374.145 746.716
2456803.471314166 16131.97 374.12 746.698
2456803.491746117 16065.56 374.079 746.669
2456803.512177969 16076.08 374.048 746.657
2456803.532609721 15929.48 374.411 746.903
2456803.553041672 16047.0 374.464 746.923
2456803.573473525 16032.27 374.428 746.883
2456803.593905278 16114.33 374.383 746.873
2456803.614337231 16081.86 374.328 746.836
2456803.634769084 16112.23 374.292 746.82
2456803.655201038 16148.6 374.243 746.777
2456803.675632792 16163.28 374.198 746.757
2456803.696064646 16136.34 374.168 746.722
2456803.716496601 16090.87 374.124 746.695
2456803.736928356 16104.86 374.078 746.659
2456803.757360211 16087.81 374.034 746.644
2456803.777792167 15876.48 374.527 746.962
2456803.798223923 16086.74 374.637 746.974
2456803.818655879 16042.35 374.61 746.96
2456803.839087736 16085.99 374.505 746.952
2456803.859519493 16078.73 374.471 746.934
2456803.879951451 16070.0 374.424 746.881
2456803.900383308 16050.88 374.384 746.877
2456803.920815066 16078.06 374.321 746.832
2456803.941247025 16108.54 374.29 746.816
2456803.961678883 16170.47 374.234 746.781
2456803.982110842 16160.5 374.203 746.753
2456804.002542602 16144.01 374.157 746.721
2456804.022974461 15982.09 374.383 746.86
2456804.043406322 16053.67 374.402 746.873
2456804.063838282 16081.7 374.36 746.846
2456804.084270043 16099.18 374.314 746.818
2456804.104701904 16138.78 374.256 746.791
2456804.125133765 16165.34 374.221 746.771
2456804.145565627 16157.47 374.177 746.733
2456804.165997589 16118.15 374.147 746.705
2456804.186429351 16106.65 374.092 746.673
2456804.206861314 16096.5 374.051 746.658
2456804.227293177 16097.53 373.992 746.621
2456804.247724941 16091.24 373.962 746.598
2456804.268156904 15859.71 374.494 746.94
2456804.288588768 16073.41 374.653 746.962
2456804.309020533 16067.81 374.525 746.959
2456804.329452497 16068.0 374.495 746.948
2456804.349884363 16115.25 374.433 746.898
2456804.370316328 16069.92 374.383 746.878
2456804.390748094 16094.94 374.327 746.837
2456804.41117996 16169.0 374.273 746.807
2456804.431611926 16164.91 374.23 746.764
2456804.452043694 16122.44 374.186 746.737
2456804.47247556 16128.11 374.127 746.697
2456804.492907528 16107.76 374.07 746.659
2456804.513339296 15843.96 374.736 747.11
2456804.533771264 16148.15 374.768 747.131
2456804.554203133 16144.33 374.73 747.1
2456804.574635001 16126.82 374.723 747.019
2456804.595066871 16074.42 374.689 746.993
2456804.61549874 16059.74 374.63 746.959
2456804.63593061 16117.4 374.596 746.945
2456804.65636248 16131.6 374.465 746.926
2456804.676794351 16046.2 374.447 746.903
2456804.697226222 16102.38 374.37 746.867
2456804.717658093 16086.4 374.343 746.843
2456804.738089964 16176.42 374.269 746.802
2456804.758521836 16161.28 374.234 746.777
2456804.778953709 16156.94 374.188 746.727
2456804.799385581 16164.56 374.135 746.706
2456804.819817554 16108.59 374.08 746.657
2456804.840249327 16097.43 374.028 746.637
2456804.860681201 16077.48 373.979 746.603
2456804.881113175 16067.45 373.937 746.583
2456804.901544949 16498.71 373.894 746.54
2456804.921976924 16128.05 373.834 746.522
2456804.942408799 16117.99 373.795 746.479
2456804.962840574 16135.71 373.739 746.467
2456804.98327255 16165.51 373.702 746.427
2456805.003704426 15593.13 374.409 746.883
2456805.024136202 16079.08 374.66 746.978
2456805.044568179 16026.45 374.599 746.94
2456805.065000056 16038.48 374.505 746.951
2456805.085432034 16126.42 374.441 746.915
2456805.105863811 16124.09 374.418 746.885
2456805.126295689 16285.12 374.353 746.839
2456805.146727668 16103.42 374.318 746.832
2456805.167159447 16347.78 374.252 746.779
2456805.187591326 16165.38 374.216 746.758
