Dates Flux Xpos Ypos
2456768.962217216 6702.41 484.525 537.303
2456768.982648807 6691.654 484.629 537.24
2456769.003080397 6695.56 484.631 537.247
2456769.023511988 6705.43 484.629 537.258
2456769.043943578 6708.979 484.641 537.243
2456769.064375169 6710.858 484.649 537.259
2456769.084806759 6688.823 484.652 537.266
2456769.105238449 6708.528 484.669 537.274
2456769.12567004 6714.048 484.675 537.281
2456769.14610153 6716.992 484.696 537.285
2456769.16653322 6721.4 484.695 537.296
2456769.18696471 6714.976 484.705 537.292
2456769.207396301 6718.816 484.705 537.296
2456769.227827991 6721.51 484.711 537.3
2456769.248259481 6723.173 484.709 537.297
2456769.268691071 6720.859 484.712 537.298
2456769.289122761 6717.361 484.729 537.307
2456769.309554251 6724.479 484.73 537.308
2456769.329985841 6732.615 484.739 537.325
2456769.350417531 6720.149 484.764 537.317
2456769.370849021 6717.575 484.776 537.336
2456769.391280711 6702.99 484.771 537.332
2456769.4117123 6708.644 484.772 537.338
2456769.43214379 6721.297 484.768 537.328
2456769.47300707 6651.835 484.634 537.369
2456769.493438659 6716.588 484.773 537.423
2456769.513870249 6715.189 484.754 537.45
2456769.534301839 6699.954 484.748 537.45
2456769.554733428 6715.077 484.761 537.449
2456769.575165118 6704.749 484.755 537.461
2456769.595596607 6705.906 484.788 537.46
2456769.616028297 6708.713 484.782 537.469
2456769.636459887 6708.056 484.783 537.472
2456769.656891376 6715.438 484.777 537.469
2456769.677323065 6700.066 484.784 537.48
2456769.697754655 6708.79 484.793 537.465
2456769.718186144 6712.888 484.795 537.471
2456769.738617833 6710.243 484.804 537.461
2456769.759049423 6708.643 484.826 537.482
2456769.779480912 6719.774 484.813 537.485
2456769.799912601 6716.441 484.812 537.475
2456769.82034419 6715.2 484.812 537.492
2456769.84077568 6712.426 484.833 537.483
2456769.861207369 6705.375 484.832 537.492
2456769.881638858 6712.938 484.831 537.493
2456769.902070547 6719.343 484.836 537.498
2456769.922502136 6717.022 484.832 537.503
2456769.942933625 6710.125 484.857 537.493
2456769.963365314 6703.888 484.862 537.511
2456769.983796903 6707.381 484.868 537.513
2456770.004228492 6706.771 484.876 537.516
2456770.024660081 6704.738 484.873 537.525
2456770.04509167 6685.716 484.887 537.528
2456770.065523259 6694.221 484.901 537.524
2456770.085954848 6689.688 484.917 537.538
2456770.106386437 6674.38 484.914 537.55
2456770.126818025 6675.127 484.931 537.559
2456770.147249714 6684.726 484.959 537.553
2456770.167681203 6689.192 484.977 537.561
2456770.188112892 6670.576 484.974 537.575
2456770.208544481 6671.641 484.982 537.582
2456770.228975969 6677.006 484.986 537.583
2456770.249407658 6677.644 485.006 537.587
2456770.269839247 6673.534 485.017 537.603
2456770.290270735 6673.445 485.013 537.62
2456770.310702424 6667.91 485.043 537.613
2456770.331134012 6666.241 485.067 537.61
2456770.351565501 6675.064 485.069 537.632
2456770.37199719 6673.969 485.077 537.634
2456770.392428778 6653.583 485.083 537.644
2456770.412860367 6668.24 485.089 537.654
2456770.433291955 6658.175 484.564 537.318
2456770.453723543 6690.525 484.498 537.281
2456770.474155232 6705.781 484.508 537.3
2456770.494586721 6692.769 484.523 537.302
2456770.515018309 6690.322 484.622 537.234
2456770.535449897 6694.716 484.635 537.247
2456770.555881485 6691.215 484.639 537.257
2456770.576313074 6703.465 484.661 537.254
2456770.596744662 6709.025 484.655 537.266
2456770.617176251 6691.391 484.653 537.267
2456770.637607839 6693.818 484.659 537.264
2456770.658039527 6688.497 484.667 537.276
2456770.678471015 6704.195 484.686 537.283
2456770.698902604 6697.17 484.679 537.277
2456770.719334292 6702.515 484.677 537.278
2456770.73976578 6684.89 484.685 537.278
2456770.760197468 6697.726 484.685 537.288
2456770.780629057 6694.155 484.684 537.281
2456770.801060544 6699.694 484.689 537.281
2456770.821492233 6694.448 484.684 537.283
2456770.841923821 6686.784 484.668 537.276
2456770.862355309 6692.754 484.689 537.28
2456770.882786997 6687.952 484.678 537.276
2456770.903218585 6698.258 484.672 537.285
2456770.923650073 6686.271 484.673 537.274
2456770.944081761 6701.153 484.671 537.268
2456770.964513349 6679.931 484.67 537.272
2456770.984944937 6694.757 484.666 537.274
2456771.005376525 6658.824 484.669 537.276
2456771.025808113 6681.898 484.67 537.275
2456771.046239801 6683.714 484.685 537.286
2456771.066671289 6679.8 484.702 537.289
2456771.087102877 6660.773 484.728 537.308
2456771.107534565 6669.396 484.755 537.328
2456771.127966153 6671.019 484.773 537.333
2456771.148397641 6665.567 484.791 537.343
2456771.168829329 6656.22 484.787 537.343
2456771.189260917 6654.608 484.786 537.341
2456771.209692405 6655.318 484.784 537.339
2456771.230124092 6652.676 484.779 537.338
2456771.25055558 6649.091 484.769 537.336
2456771.270987168 6657.485 484.749 537.317
2456771.291418856 6655.153 484.735 537.314
2456771.311850344 6655.187 484.726 537.311
2456771.332282031 6649.504 484.718 537.301
2456771.352713619 6634.716 484.724 537.303
2456771.373145107 6651.81 484.716 537.305
2456771.393576795 6641.269 484.705 537.294
2456771.434439871 6609.844 484.452 537.227
2456771.454871558 6616.872 484.471 537.259
2456771.475303146 6608.648 484.475 537.259
2456771.495734734 6619.717 484.464 537.276
2456771.516166321 6607.691 484.473 537.281
2456771.536597909 6616.703 484.491 537.288
2456771.557029497 6601.725 484.511 537.283
2456771.577461084 6614.445 484.507 537.295
2456771.597892672 6606.511 484.489 537.292
2456771.61832436 6599.718 484.489 537.294
2456771.638755947 6591.616 484.477 537.263
2456771.659187435 6613.292 484.477 537.271
2456771.679619123 6593.1 484.49 537.251
2456771.700050711 6595.371 484.469 537.253
2456771.720482198 6594.646 484.443 537.26
2456771.740913886 6600.256 484.436 537.252
2456771.761345474 6585.314 484.434 537.264
2456771.781776961 6584.237 484.433 537.239
2456771.802208649 6576.767 484.44 537.24
2456771.822640236 6581.755 484.425 537.247
2456771.843071724 6583.588 484.426 537.24
2456771.863503412 6578.984 484.427 537.244
2456771.883934999 6570.492 484.421 537.241
2456771.904366587 6584.824 484.427 537.225
2456771.924798174 6573.07 484.405 537.231
2456771.945229762 6578.993 484.409 537.229
2456771.96566135 6570.432 484.397 537.232
2456771.986092937 6590.52 484.397 537.23
2456772.006524525 6569.508 484.392 537.209
2456772.026956113 6567.339 484.383 537.22
2456772.0473877 6568.547 484.37 537.211
2456772.067819288 6566.533 484.361 537.205
2456772.088250875 6569.028 484.354 537.2
2456772.108682463 6559.747 484.355 537.189
2456772.129114151 6555.845 484.341 537.181
2456772.149545638 6582.996 484.325 537.184
2456772.169977226 6563.853 484.305 537.173
2456772.190408913 6561.984 484.282 537.149
2456772.210840501 6571.821 484.264 537.143
2456772.231271989 6564.63 484.241 537.132
2456772.251703676 6578.195 484.243 537.129
2456772.272135264 6575.371 484.246 537.113
2456772.292566751 6574.737 484.233 537.113
2456772.312998439 6588.886 484.212 537.111
2456772.333430026 6594.947 484.193 537.085
2456772.353861514 6596.854 484.172 537.083
2456772.374293202 6614.325 484.162 537.052
2456772.394724789 6547.095 484.644 537.376
2456772.415156477 6593.245 484.769 537.331
2456772.435587964 6598.743 484.752 537.324
2456772.456019552 6591.868 484.73 537.311
2456772.47645124 6609.644 484.7 537.29
2456772.496882727 6619.961 484.69 537.284
2456772.517314315 6612.678 484.672 537.29
2456772.537746002 6605.811 484.681 537.267
2456772.55817749 6602.719 484.672 537.272
2456772.578609078 6607.275 484.656 537.269
2456772.599040765 6607.185 484.653 537.262
2456772.619472253 6591.279 484.634 537.24
2456772.639903841 6591.211 484.527 537.292
2456772.660335529 6594.792 484.503 537.291
2456772.680767016 6605.695 484.463 537.26
2456772.701198704 6611.602 484.431 537.246
2456772.721630292 6594.838 484.415 537.232
2456772.742061779 6597.08 484.405 537.241
2456772.762493467 6588.841 484.389 537.208
2456772.782925054 6597.833 484.355 537.206
2456772.803356542 6591.141 484.339 537.192
2456772.82378823 6597.202 484.311 537.161
2456772.844219817 6590.498 484.285 537.147
2456772.864651305 6605.224 484.235 537.125
2456772.885082993 6610.778 484.203 537.092
2456772.905514581 6633.363 484.182 537.086
2456772.925946068 6627.147 484.174 537.069
2456772.946377756 6654.217 484.143 537.052
2456772.966809344 6677.893 484.103 537.035
2456772.987241032 6675.614 484.095 537.017
2456773.007672519 6669.817 484.062 536.995
2456773.028104107 6687.152 484.018 536.975
2456773.048535795 6674.954 483.976 536.94
2456773.068967283 6685.932 483.956 536.934
2456773.089398871 6683.683 483.938 536.924
2456773.109830559 6684.36 483.908 536.901
2456773.130262146 6525.189 484.587 537.346
2456773.150693634 6625.041 484.763 537.318
2456773.171125322 6655.287 484.719 537.301
2456773.19155691 6628.762 484.663 537.264
2456773.211988498 6635.083 484.638 537.246
2456773.232420086 6627.021 484.506 537.293
2456773.252851673 6630.431 484.48 537.268
2456773.273283261 6635.706 484.444 537.251
2456773.293714849 6629.366 484.415 537.235
2456773.314146437 6623.601 484.381 537.217
2456773.334578025 6631.329 484.329 537.184
2456773.355009613 6629.17 484.282 537.152
2456773.395872789 6586.011 484.423 537.249
2456773.416304377 6626.584 484.506 537.309
2456773.436735865 6627.343 484.489 537.265
2456773.457167553 6645.888 484.475 537.264
2456773.477599142 6638.318 484.424 537.245
2456773.49803083 6626.87 484.403 537.234
2456773.518462318 6622.004 484.366 537.227
2456773.538893905 6623.553 484.367 537.207
2456773.559325594 6624.912 484.351 537.186
2456773.579757082 6629.608 484.333 537.179
2456773.60018867 6627.934 484.294 537.136
2456773.620620358 6533.029 484.585 537.336
2456773.641051946 6621.155 484.877 537.525
2456773.661483434 6636.267 484.853 537.504
2456773.681915123 6641.59 484.828 537.513
2456773.702346711 6645.652 484.825 537.478
2456773.722778199 6641.808 484.793 537.462
2456773.743209887 6649.983 484.751 537.446
2456773.763641476 6650.048 484.751 537.449
2456773.784073064 6642.57 484.819 537.4
2456773.804504653 6642.811 484.802 537.33
2456773.824936241 6648.45 484.766 537.327
2456773.845367929 6661.141 484.732 537.305
2456773.865799418 6651.498 484.694 537.286
2456773.886231006 6650.306 484.671 537.271
2456773.906662694 6663.512 484.67 537.25
2456773.927094183 6647.49 484.538 537.318
2456773.947525771 6649.289 484.524 537.294
2456773.96795746 6651.734 484.493 537.289
2456773.988388948 6649.139 484.433 537.254
2456774.008820637 6637.287 484.422 537.219
2456774.029252125 6652.075 484.397 537.214
2456774.049683714 6651.018 484.358 537.197
2456774.070115402 6642.951 484.309 537.174
2456774.090546891 6646.169 484.274 537.141
2456774.110978479 6503.229 484.911 537.531
2456774.131410168 6630.966 484.958 537.564
2456774.151841657 6623.664 484.922 537.55
2456774.172273246 6632.675 484.901 537.535
2456774.192704934 6643.239 484.878 537.506
2456774.213136523 6649.394 484.823 537.475
2456774.233568012 6656.102 484.765 537.449
2456774.253999701 6663.003 484.832 537.406
2456774.27443129 6675.724 484.788 537.342
2456774.294862878 6661.92 484.771 537.324
2456774.315294467 6671.592 484.724 537.296
2456774.335726056 6666.871 484.666 537.269
2456774.356157745 6671.97 484.633 537.242
2456774.376589234 6676.531 484.523 537.29
2456774.397020823 6645.532 484.485 537.271
2456774.417452512 6653.66 484.432 537.253
2456774.437884001 6650.724 484.373 537.199
2456774.45831559 6639.408 484.324 537.178
2456774.478747279 6660.436 484.279 537.158
2456774.499178768 6654.374 484.254 537.13
2456774.519610457 6670.439 484.222 537.095
2456774.540042046 6692.897 484.157 537.054
2456774.560473535 6717.727 484.101 537.024
2456774.580905225 6726.701 484.065 536.999
2456774.601336814 6633.624 484.403 537.232
2456774.621768303 6647.685 484.407 537.23
2456774.642199992 6648.909 484.35 537.188
2456774.662631582 6661.223 484.292 537.162
2456774.683063171 6669.134 484.246 537.122
2456774.70349476 6680.744 484.193 537.092
2456774.72392635 6694.263 484.152 537.053
2456774.744357839 6719.729 484.086 537.02
2456774.764789529 6732.915 484.024 536.971
2456774.785221118 6731.803 483.989 536.945
2456774.805652708 6738.032 483.938 536.921
2456774.826084297 6716.539 483.881 536.886
2456774.846515887 6577.755 484.459 537.244
2456774.866947576 6676.192 484.495 537.282
2456774.887379066 6666.097 484.425 537.244
2456774.907810656 6670.157 484.372 537.21
2456774.928242345 6661.842 484.312 537.165
2456774.948673835 6665.767 484.224 537.111
2456774.969105425 6705.893 484.18 537.077
2456774.989537115 6721.765 484.128 537.037
2456775.009968604 6740.355 484.075 537.003
2456775.030400294 6752.77 483.995 536.958
2456775.050831884 6741.406 483.932 536.92
2456775.071263374 6721.584 483.882 536.88
2456775.091695064 6620.706 484.412 537.235
2456775.112126654 6680.143 484.423 537.23
2456775.132558144 6676.857 484.346 537.187
2456775.152989834 6682.465 484.271 537.148
2456775.173421424 6686.106 484.212 537.097
2456775.193853015 6719.245 484.145 537.047
2456775.214284604 6732.442 484.05 536.992
2456775.234716195 6755.721 483.989 536.948
2456775.255147885 6734.619 483.926 536.913
2456775.275579375 6723.122 483.866 536.873
2456775.296010965 6714.56 483.785 536.829
2456775.316442656 6701.459 483.733 536.786
2456775.357305737 6664.312 484.449 537.226
2456775.377737427 6683.729 484.458 537.246
2456775.398168918 6684.54 484.417 537.24
2456775.418600508 6686.196 484.397 537.227
2456775.439032199 6680.852 484.371 537.208
2456775.459463689 6680.787 484.35 537.189
2456775.47989528 6682.461 484.303 537.164
2456775.500326971 6700.564 484.258 537.141
2456775.520758461 6694.988 484.234 537.13
2456775.541190152 6713.46 484.201 537.099
2456775.561621743 6721.263 484.16 537.053
2456775.582053234 6641.319 484.646 537.368
2456775.602484925 6705.094 484.77 537.308
2456775.622916515 6698.013 484.738 537.295
2456775.643348007 6709.956 484.667 537.266
2456775.663779697 6692.862 484.631 537.243
2456775.684211289 6710.679 484.51 537.299
2456775.70464288 6701.602 484.509 537.298
2456775.725074471 6708.798 484.476 537.237
2456775.745506062 6704.032 484.429 537.241
2456775.765937753 6699.707 484.405 537.223
2456775.786369244 6696.265 484.362 537.21
2456775.806800836 6690.575 484.336 537.173
2456775.827232527 6691.192 484.296 537.145
2456775.847664118 6697.518 484.268 537.144
2456775.86809561 6712.299 484.23 537.109
2456775.888527301 6723.953 484.182 537.077
2456775.908958893 6741.175 484.143 537.061
2456775.929390384 6754.507 484.119 537.033
2456775.949822076 6766.783 484.073 537.002
2456775.970253667 6779.861 484.008 536.977
2456775.990685359 6774.787 483.967 536.947
2456776.011116851 6767.155 483.938 536.911
2456776.031548442 6757.617 483.909 536.885
2456776.051980034 6740.722 483.845 536.855
2456776.072411626 6620.973 484.315 537.166
2456776.092843218 6698.428 484.375 537.21
2456776.11327481 6693.653 484.33 537.179
2456776.133706402 6693.28 484.26 537.128
2456776.154137894 6732.713 484.192 537.091
2456776.174569586 6748.147 484.146 537.059
2456776.195001178 6771.171 484.117 537.026
2456776.21543277 6766.515 484.066 536.979
2456776.235864362 6773.398 484.018 536.963
2456776.256295955 6781.479 483.971 536.942
2456776.276727647 6781.022 483.933 536.919
2456776.297159139 6742.763 483.872 536.873
2456776.317590732 6520.282 484.648 537.37
2456776.338022424 6708.149 484.76 537.434
2456776.358454017 6711.261 484.788 537.335
2456776.378885509 6721.269 484.717 537.3
2456776.399317202 6719.272 484.686 537.274
2456776.419748794 6704.298 484.648 537.248
2456776.440180287 6718.085 484.519 537.287
2456776.46061198 6711.209 484.45 537.252
2456776.481043573 6697.676 484.417 537.221
2456776.501475265 6685.136 484.37 537.201
2456776.521906758 6693.792 484.318 537.18
2456776.542338351 6698.439 484.258 537.117
2456776.562770044 6712.331 484.214 537.092
2456776.583201537 6729.812 484.16 537.06
2456776.60363313 6752.389 484.109 537.022
2456776.624064824 6764.292 484.034 536.977
2456776.644496317 6768.353 483.987 536.949
2456776.66492791 6755.102 483.945 536.914
2456776.685359603 6740.443 483.886 536.879
2456776.705791097 6722.368 483.828 536.847
2456776.72622279 6714.656 483.781 536.817
2456776.746654383 6722.315 483.735 536.79
2456776.767085877 6722.516 483.666 536.721
2456776.78751757 6732.047 483.616 536.685
2456776.807949064 6608.248 484.212 537.116
2456776.828380657 6690.449 484.256 537.124
2456776.848812351 6718.08 484.18 537.07
2456776.869243845 6729.493 484.125 537.03
2456776.889675439 6743.909 484.07 536.991
2456776.910107133 6758.35 483.998 536.952
2456776.930538727 6755.874 483.941 536.918
2456776.950970221 6745.376 483.905 536.886
2456776.971401914 6726.018 483.851 536.86
2456776.991833509 6723.165 483.774 536.818
2456777.012265103 6709.136 483.727 536.776
2456777.032696697 6704.87 483.668 536.742
2456777.053128291 6464.806 484.483 537.257
2456777.073559985 6691.124 484.689 537.272
2456777.09399148 6680.537 484.629 537.24
2456777.114423074 6673.015 484.499 537.271
2456777.134854769 6672.567 484.424 537.226
2456777.155286264 6662.62 484.364 537.196
2456777.175717858 6662.818 484.315 537.165
2456777.196149553 6663.654 484.242 537.117
2456777.216581048 6684.931 484.173 537.063
2456777.237012742 6713.315 484.121 537.036
2456777.257444337 6721.769 484.075 536.992
2456777.277875832 6745.361 483.992 536.95
2456777.318739122 6691.324 484.723 537.299
2456777.339170717 6686.036 484.693 537.286
2456777.359602312 6664.965 484.661 537.271
2456777.380033907 6646.961 484.648 537.242
2456777.400465502 6650.539 484.622 537.224
2456777.420897098 6657.79 484.501 537.256
2456777.441328693 6645.292 484.458 537.244
2456777.461760289 6653.277 484.427 537.22
2456777.482191884 6635.884 484.38 537.208
2456777.50262348 6629.922 484.325 537.181
2456777.523055075 6637.186 484.292 537.16
2456777.543486671 6574.886 484.619 537.34
2456777.563918266 6641.188 484.808 537.341
2456777.584349962 6642.063 484.774 537.316
2456777.604781458 6655.333 484.734 537.303
2456777.625213054 6640.537 484.667 537.268
2456777.64564475 6626.505 484.645 537.234
2456777.666076246 6637.604 484.529 537.275
2456777.686507942 6644.551 484.466 537.253
2456777.706939538 6624.929 484.412 537.226
2456777.727371035 6621.164 484.365 537.198
2456777.747802731 6621.653 484.339 537.178
2456777.768234327 6612.623 484.27 537.121
2456777.788665824 6599.522 484.646 537.368
2456777.80909752 6639.11 484.742 537.303
2456777.829529117 6638.039 484.681 537.285
2456777.849960614 6607.849 484.646 537.243
2456777.87039231 6607.582 484.53 537.274
2456777.890823907 6622.448 484.485 537.248
2456777.911255504 6599.961 484.405 537.224
2456777.931687101 6591.742 484.358 537.185
2456777.952118698 6601.329 484.326 537.168
2456777.972550394 6607.813 484.251 537.117
2456777.992981992 6617.284 484.2 537.089
2456778.013413489 6633.863 484.153 537.057
2456778.033845186 6560.152 484.508 537.256
2456778.054276783 6609.539 484.524 537.284
2456778.074708281 6615.069 484.48 537.252
2456778.095139978 6601.709 484.437 537.24
2456778.115571576 6594.765 484.363 537.201
2456778.136003073 6586.398 484.332 537.163
2456778.156434771 6592.004 484.288 537.141
2456778.176866268 6594.496 484.217 537.085
2456778.197297966 6624.47 484.167 537.065
2456778.217729564 6634.706 484.118 537.026
2456778.238161062 6659.042 484.052 536.973
2456778.25859276 6657.153 484.011 536.952
2456778.279024358 6536.683 484.492 537.268
2456778.299455856 6597.462 484.508 537.268
2456778.319887554 6578.306 484.448 537.241
2456778.340319152 6585.853 484.39 537.211
2456778.360750651 6581.71 484.328 537.174
2456778.381182349 6591.152 484.27 537.124
2456778.401613947 6609.142 484.228 537.091
2456778.422045646 6609.111 484.165 537.053
2456778.442477145 6642.447 484.084 537.003
2456778.462908743 6663.84 484.054 536.984
2456778.483340442 6658.651 483.99 536.94
2456778.503771941 6643.529 483.924 536.896
2456778.52420354 6481.512 484.579 537.313
2456778.544635239 6594.073 484.725 537.293
2456778.565066838 6604.252 484.649 537.241
2456778.585498337 6588.807 484.505 537.278
2456778.605930036 6597.086 484.465 537.245
2456778.626361636 6590.253 484.377 537.193
2456778.646793235 6586.822 484.314 537.167
2456778.667224834 6590.805 484.274 537.132
2456778.687656434 6611.669 484.189 537.066
2456778.708088133 6649.224 484.134 537.033
2456778.728519633 6651.099 484.089 537.0
2456778.748951233 6677.358 484.008 536.949
2456778.769382932 6498.826 484.65 537.366
2456778.789814432 6598.856 484.792 537.32
2456778.810246032 6618.717 484.707 537.28
2456778.830677632 6610.684 484.663 537.249
2456778.851109232 6607.65 484.529 537.284
2456778.871540932 6610.535 484.439 537.233
2456778.891972432 6593.59 484.391 537.207
2456778.912404033 6607.68 484.328 537.169
2456778.932835733 6645.164 484.253 537.113
2456778.953267234 6626.091 484.199 537.072
2456778.973698834 6647.005 484.141 537.035
2456778.994130535 6675.69 484.064 536.981
2456779.014562035 6395.071 484.758 537.424
2456779.034993636 6617.733 484.877 537.511
2456779.055425337 6619.29 484.805 537.461
2456779.075856938 6640.927 484.838 537.387
2456779.096288539 6631.963 484.78 537.321
2456779.11672014 6660.359 484.7 537.269
2456779.137151741 6635.278 484.646 537.239
2456779.157583343 6636.181 484.502 537.259
2456779.178014944 6630.187 484.405 537.217
2456779.198446545 6621.213 484.358 537.179
2456779.218878247 6641.274 484.282 537.139
2456779.239309749 6661.226 484.209 537.076
2456779.280173052 6634.694 484.815 537.444
2456779.300604554 6637.23 484.777 537.445
2456779.321036255 6661.694 484.756 537.424
2456779.341467858 6644.019 484.801 537.335
2456779.36189936 6644.478 484.774 537.311
2456779.382331062 6670.796 484.745 537.283
2456779.402762664 6669.752 484.698 537.27
2456779.423194166 6659.067 484.657 537.25
2456779.443625869 6654.785 484.545 537.304
2456779.464057471 6660.537 484.506 537.263
2456779.484488974 6664.608 484.483 537.247
2456779.504920675 6659.044 484.461 537.228
2456779.525352178 6648.975 484.424 537.193
2456779.545783881 6655.081 484.368 537.193
2456779.566215484 6649.396 484.344 537.165
2456779.586647087 6644.241 484.282 537.143
2456779.60707869 6660.801 484.254 537.12
2456779.627510293 6680.115 484.229 537.071
2456779.647941897 6682.612 484.168 537.052
2456779.6683735 6708.025 484.137 537.027
2456779.688805103 6725.119 484.085 537.004
2456779.709236707 6729.097 484.044 536.969
2456779.72966831 6746.471 484.05 536.951
2456779.750099914 6624.667 484.5 537.258
2456779.770531618 6677.592 484.516 537.271
2456779.790963222 6662.809 484.489 537.249
2456779.811394725 6673.031 484.437 537.229
2456779.831826429 6658.483 484.413 537.198
2456779.852258034 6665.99 484.368 537.185
2456779.872689538 6664.291 484.319 537.149
2456779.893121242 6671.909 484.264 537.125
2456779.913552846 6761.624 484.239 537.111
2456779.933984351 6692.569 484.186 537.057
2456779.954416056 6691.583 484.183 537.028
2456779.97484766 6709.53 484.131 537.009
2456779.995279365 6593.384 484.683 537.381
2456780.01571087 6671.99 484.809 537.331
2456780.036142475 6676.502 484.795 537.321
2456780.05657418 6684.698 484.743 537.285
2456780.077005685 6690.339 484.705 537.278
2456780.09743729 6696.094 484.677 537.249
2456780.117868895 6675.209 484.629 537.2
2456780.1383005 6691.893 484.509 537.255
2456780.158732106 6670.315 484.462 537.234
2456780.179163811 6661.066 484.395 537.193
2456780.199595317 6657.294 484.355 537.175
2456780.220027023 6664.745 484.317 537.138
2456780.240458629 6647.479 484.396 537.194
2456780.260890135 6670.411 484.391 537.195
2456780.28132184 6674.652 484.321 537.156
2456780.301753446 6667.237 484.272 537.119
2456780.322184953 6688.729 484.228 537.085
2456780.342616659 6719.366 484.161 537.037
2456780.363048265 6716.787 484.119 537.009
2456780.383479772 6715.547 484.08 536.978
2456780.403911478 6733.587 484.01 536.935
2456780.424343085 6739.929 483.969 536.919
2456780.444774792 6730.677 483.929 536.896
2456780.465206299 6698.745 483.878 536.849
2456780.485637906 6584.636 484.366 537.161
2456780.506069613 6654.334 484.379 537.179
2456780.52650112 6652.766 484.304 537.134
2456780.546932727 6665.017 484.246 537.099
2456780.567364434 6682.336 484.167 537.045
2456780.587795942 6709.316 484.109 537.0
2456780.608227549 6714.827 484.071 536.981
2456780.628659257 6735.963 484.018 536.938
2456780.649090765 6722.213 483.961 536.916
2456780.669522472 6724.796 483.924 536.879
2456780.68995408 6696.38 483.865 536.837
2456780.710385688 6683.343 483.812 536.819
2456780.730817297 6579.506 484.467 537.23
2456780.751248905 6665.041 484.498 537.248
2456780.771680513 6668.803 484.441 537.225
2456780.792112121 6656.02 484.375 537.184
2456780.81254373 6655.794 484.323 537.139
2456780.832975338 6656.561 484.271 537.111
2456780.853406947 6682.671 484.196 537.072
2456780.873838556 6705.588 484.158 537.022
2456780.894270164 6718.846 484.094 536.993
2456780.914701774 6731.692 484.026 536.948
2456780.935133383 6735.023 483.984 536.912
2456780.955565092 6716.094 483.914 536.883
2456780.975996601 6520.841 484.667 537.358
2456780.99642821 6674.702 484.835 537.372
2456781.01685992 6679.01 484.75 537.294
2456781.037291429 6692.597 484.711 537.256
2456781.057723039 6678.13 484.664 537.23
2456781.078154749 6673.738 484.509 537.259
2456781.098586259 6673.165 484.47 537.23
2456781.119017969 6671.187 484.412 537.209
2456781.139449579 6661.401 484.359 537.166
2456781.159881089 6655.389 484.312 537.142
2456781.180312799 6667.486 484.244 537.09
2456781.20074441 6700.628 484.193 537.05
2456781.241607631 6678.36 484.513 537.218
2456781.262039242 6664.766 484.518 537.249
2456781.282470853 6685.842 484.481 537.238
2456781.302902463 6664.015 484.449 537.226
2456781.323334075 6680.819 484.437 537.216
2456781.343765785 6661.371 484.4 537.193
2456781.364197297 6673.238 484.37 537.172
2456781.384628908 6665.973 484.345 537.161
2456781.40506062 6670.815 484.294 537.132
2456781.425492231 6658.562 484.256 537.113
2456781.445923743 6672.682 484.239 537.084
2456781.466355455 6659.208 484.605 537.309
2456781.486786966 6701.186 484.731 537.262
2456781.507218678 6687.756 484.698 537.223
2456781.52765029 6674.159 484.555 537.281
2456781.548081902 6687.331 484.529 537.267
2456781.568513515 6681.211 484.476 537.24
2456781.588945127 6690.431 484.44 537.225
2456781.60937664 6675.905 484.423 537.202
2456781.629808352 6693.284 484.392 537.181
2456781.650239965 6675.846 484.363 537.167
2456781.670671478 6669.101 484.313 537.137
2456781.691103191 6681.498 484.27 537.117
2456781.711534804 6653.589 484.453 537.209
2456781.731966517 6683.221 484.426 537.194
2456781.75239803 6679.389 484.371 537.169
2456781.772829643 6670.201 484.337 537.15
2456781.793261357 6683.346 484.278 537.113
2456781.813692871 6687.233 484.249 537.094
2456781.834124484 6699.858 484.226 537.066
2456781.854556198 6723.766 484.164 537.033
2456781.874987712 6725.219 484.134 537.015
2456781.895419326 6742.978 484.077 536.985
2456781.91585104 6754.422 484.04 536.952
2456781.936282654 6763.245 484.021 536.925
2456781.956714269 6654.126 484.428 537.185
2456781.977145883 6679.463 484.44 537.21
2456781.997577498 6683.736 484.387 537.183
2456782.018009113 6672.19 484.32 537.144
2456782.038440727 6689.029 484.29 537.122
2456782.058872342 6697.171 484.226 537.077
2456782.079304057 6727.268 484.161 537.039
2456782.099735572 6750.558 484.111 537.005
2456782.120167187 6761.016 484.049 536.935
2456782.140598903 6770.912 483.998 536.919
2456782.161030419 6762.404 483.942 536.877
2456782.181462134 6738.183 483.872 536.851
2456782.20189375 6633.127 484.33 537.157
2456782.222325265 6688.462 484.359 537.152
2456782.242756981 6699.259 484.295 537.119
2456782.263188498 6710.542 484.243 537.077
2456782.283620114 6723.715 484.173 537.042
2456782.30405183 6760.999 484.123 537.005
2456782.324483347 6761.371 484.066 536.962
2456782.344915063 6782.645 483.993 536.919
2456782.365346679 6764.37 483.948 536.897
2456782.385778196 6758.277 483.899 536.849
2456782.406209913 6728.936 483.84 536.818
2456782.42664153 6718.405 483.791 536.792
2456782.447073147 6683.873 484.192 537.059
2456782.467504764 6712.36 484.236 537.075
2456782.487936382 6729.707 484.178 537.031
2456782.508367999 6769.261 484.102 536.984
2456782.528799617 6770.811 484.05 536.955
2456782.549231234 6780.05 483.997 536.929
2456782.569662952 6766.431 483.933 536.877
2456782.59009457 6752.101 483.885 536.854
2456782.610526088 6732.129 483.822 536.809
2456782.630957806 6738.749 483.783 536.785
2456782.651389425 6724.119 483.718 536.737
2456782.671820943 6738.395 483.658 536.69
2456782.692252662 6345.5 484.737 537.39
2456782.71268428 6702.432 484.897 537.486
2456782.733115799 6703.146 484.83 537.458
2456782.753547518 6696.088 484.779 537.426
2456782.773979137 6708.387 484.796 537.305
2456782.794410856 6718.71 484.754 537.273
2456782.814842375 6730.903 484.694 537.246
2456782.835273995 6710.962 484.543 537.271
2456782.855705714 6722.289 484.493 537.239
2456782.876137233 6702.711 484.422 537.199
2456782.896568753 6703.491 484.366 537.162
2456782.917000473 6711.389 484.29 537.12
2456782.937432093 6529.146 484.741 537.4
2456782.957863713 6695.371 484.935 537.513
2456782.978295333 6696.63 484.858 537.471
2456782.998726954 6711.045 484.787 537.435
2456783.019158674 6727.396 484.736 537.388
2456783.039590195 6731.282 484.737 537.27
2456783.060021815 6724.604 484.68 537.238
2456783.080453536 6705.973 484.514 537.248
2456783.100885157 6706.797 484.435 537.201
2456783.121316678 6712.338 484.368 537.167
2456783.141748399 6725.436 484.273 537.105
2456783.162180021 6719.307 484.205 537.058
2456783.203043264 6685.984 484.436 537.205
2456783.223474885 6704.36 484.439 537.213
2456783.243906607 6690.32 484.39 537.194
2456783.264338129 6698.174 484.341 537.177
2456783.284769751 6695.226 484.345 537.151
2456783.305201474 6701.756 484.302 537.113
2456783.325632996 6696.294 484.295 537.082
2456783.346064618 6695.433 484.25 537.065
2456783.366496341 6715.878 484.19 537.043
2456783.386927864 6729.927 484.157 537.03
2456783.407359586 6748.367 484.101 536.994
2456783.427791209 6643.119 484.395 537.173
2456783.448222732 6691.091 484.414 537.191
2456783.468654456 6685.756 484.357 537.159
2456783.489086079 6680.159 484.325 537.14
2456783.509517603 6691.275 484.263 537.102
2456783.529949326 6696.853 484.221 537.089
2456783.55038085 6708.979 484.211 537.06
2456783.570812574 6721.931 484.143 537.002
2456783.591244197 6743.352 484.123 536.976
2456783.611675722 6744.174 484.059 536.951
2456783.632107446 6759.386 484.009 536.919
2456783.65253907 6729.346 483.964 536.901
2456783.672970695 6522.698 484.65 537.338
2456783.693402319 6678.168 484.735 537.404
2456783.713833944 6673.146 484.802 537.3
2456783.734265569 6686.812 484.755 537.267
2456783.754697194 6688.501 484.711 537.252
2456783.775128819 6677.263 484.657 537.214
2456783.795560544 6674.467 484.517 537.252
2456783.81599217 6660.947 484.48 537.231
2456783.836423696 6673.02 484.422 537.186
2456783.856855421 6656.378 484.381 537.157
2456783.877287047 6654.861 484.319 537.139
2456783.897718573 6658.672 484.261 537.094
2456783.918150299 6585.983 484.782 537.425
2456783.938581925 6655.404 484.788 537.428
2456783.959013452 6654.909 484.764 537.399
2456783.979445178 6664.092 484.786 537.297
2456783.999876805 6671.047 484.729 537.272
2456784.020308531 6660.883 484.67 537.231
2456784.040740058 6647.506 484.539 537.265
2456784.061171685 6661.779 484.511 537.221
2456784.081603413 6650.236 484.463 537.207
2456784.10203494 6636.669 484.391 537.181
2456784.122466567 6619.18 484.338 537.156
2456784.142898295 6622.718 484.291 537.111
2456784.163329822 6558.382 484.749 537.399
2456784.18376145 6640.5 484.775 537.413
2456784.204193078 6635.845 484.785 537.307
2456784.224624706 6650.212 484.746 537.269
2456784.245056435 6652.629 484.709 537.235
2456784.265487963 6623.459 484.637 537.205
2456784.285919591 6627.56 484.505 537.237
2456784.30635132 6625.662 484.434 537.206
2456784.326782949 6607.003 484.371 537.175
2456784.347214478 6610.666 484.336 537.135
2456784.367646207 6605.083 484.258 537.078
2456784.388077836 6634.91 484.213 537.056
2456784.408509465 6563.242 484.696 537.368
2456784.428941095 6620.367 484.797 537.3
2456784.449372725 6628.147 484.755 537.271
2456784.469804454 6628.934 484.683 537.234
2456784.490235984 6612.239 484.539 537.268
2456784.510667614 6609.858 484.492 537.223
2456784.531099344 6595.47 484.42 537.193
2456784.551530875 6601.873 484.362 537.16
2456784.571962505 6591.191 484.292 537.129
2456784.592394236 6612.78 484.241 537.067
2456784.612825767 6630.233 484.199 537.041
2456784.633257497 6661.312 484.121 536.993
2456784.653689128 6554.444 484.547 537.263
2456784.674120659 6615.085 484.642 537.206
2456784.694552391 6604.373 484.493 537.234
2456784.714984022 6595.18 484.426 537.202
2456784.735415654 6614.145 484.358 537.151
2456784.755847286 6611.835 484.292 537.116
2456784.776278917 6620.139 484.227 537.064
2456784.796710549 6652.064 484.156 537.023
2456784.817142182 6677.579 484.105 536.985
2456784.837573814 6672.751 484.025 536.927
2456784.858005446 6686.241 483.962 536.887
2456784.878437079 6663.788 483.882 536.846
2456784.898868712 6485.639 484.614 537.301
2456784.919300344 6622.677 484.751 537.275
2456784.939731977 6644.652 484.678 537.232
2456784.960163611 6631.095 484.527 537.247
2456784.980595344 6618.883 484.461 537.216
2456785.001026877 6619.613 484.378 537.171
2456785.021458611 6620.478 484.334 537.137
2456785.041890244 6627.957 484.245 537.075
2456785.062321778 6649.237 484.177 537.035
2456785.082753513 6682.104 484.114 536.985
2456785.103185147 6697.168 484.037 536.946
2456785.123616681 6706.59 483.981 536.904
2456785.16448005 6486.776 484.554 537.284
2456785.184911585 6644.287 484.751 537.283
2456785.20534332 6648.839 484.727 537.245
2456785.225774955 6651.032 484.609 537.297
2456785.24620669 6645.789 484.563 537.253
2456785.266638225 6651.753 484.516 537.228
2456785.287069861 6663.485 484.443 537.213
2456785.307501596 6647.755 484.395 537.174
2456785.327933132 6631.149 484.35 537.162
2456785.348364768 6650.089 484.301 537.119
2456785.368796504 6646.554 484.255 537.075
2456785.38922804 6601.637 484.727 537.386
2456785.409659677 6659.261 484.807 537.313
2456785.430091413 6673.449 484.757 537.297
2456785.45052305 6674.524 484.705 537.245
2456785.470954687 6664.334 484.674 537.229
2456785.491386324 6655.417 484.559 537.243
2456785.511817961 6660.88 484.471 537.211
2456785.532249598 6668.168 484.427 537.187
2456785.552681236 6697.926 484.338 537.139
2456785.573112773 6651.607 484.293 537.112
2456785.593544511 6672.797 484.237 537.087
2456785.613976149 6710.756 484.164 537.024
2456785.634407787 6605.539 484.541 537.259
2456785.654839425 6690.06 484.665 537.2
2456785.675271064 6685.708 484.514 537.245
2456785.695702802 6685.695 484.472 537.216
2456785.716134341 6680.106 484.391 537.184
2456785.736565979 6683.158 484.359 537.146
2456785.756997718 6660.852 484.309 537.113
2456785.777429258 6705.203 484.236 537.071
2456785.797860897 6716.881 484.178 537.037
2456785.818292636 6753.451 484.118 536.99
2456785.838724175 6763.202 484.08 536.969
2456785.859155915 6754.586 484.039 536.934
2456785.879587555 6611.87 484.674 537.336
2456785.900019095 6691.819 484.794 537.305
2456785.920450835 6717.729 484.718 537.252
2456785.940882476 6697.851 484.654 537.23
2456785.961314116 6699.303 484.513 537.223
2456785.981745757 6697.724 484.457 537.197
2456786.002177398 6692.512 484.416 537.179
2456786.022609039 6692.551 484.321 537.127
2456786.04304068 6705.235 484.27 537.107
2456786.063472321 6697.923 484.235 537.071
2456786.083904062 6722.299 484.185 537.029
2456786.104335704 6738.648 484.129 536.999
2456786.124767246 6590.715 484.758 537.407
2456786.145198988 6696.526 484.788 537.422
2456786.16563063 6723.21 484.741 537.371
2456786.186062172 6728.582 484.734 537.258
2456786.206493914 6712.993 484.679 537.22
2456786.226925457 6709.981 484.51 537.243
2456786.247357199 6706.627 484.431 537.203
2456786.267788842 6693.743 484.367 537.158
2456786.288220386 6701.48 484.295 537.102
2456786.308652129 6721.521 484.243 537.068
2456786.329083772 6739.836 484.174 537.03
2456786.349515315 6764.5 484.13 537.001
2456786.369947059 6681.719 484.492 537.222
2456786.390378703 6713.501 484.474 537.219
2456786.410810247 6701.333 484.424 537.187
2456786.431241991 6702.189 484.33 537.138
2456786.451673635 6723.854 484.245 537.082
2456786.47210538 6728.696 484.187 537.023
2456786.492536924 6768.878 484.083 536.979
2456786.512968569 6777.388 484.03 536.922
2456786.533400314 6773.932 483.948 536.882
2456786.553831859 6742.282 483.876 536.822
2456786.574263504 6736.812 483.807 536.791
2456786.59469525 6732.624 483.731 536.736
2456786.615126895 6623.436 484.308 537.119
2456786.635558541 6686.353 484.318 537.123
2456786.655990187 6713.601 484.243 537.076
2456786.676421833 6736.999 484.169 537.021
2456786.696853479 6764.179 484.09 536.965
2456786.717285126 6775.888 484.024 536.934
2456786.737716772 6763.594 483.947 536.88
2456786.758148519 6751.994 483.901 536.836
2456786.778580065 6721.332 483.84 536.821
2456786.799011712 6719.679 483.786 536.765
2456786.81944336 6719.885 483.734 536.738
2456786.839875007 6747.206 483.669 536.687
2456786.860306755 6450.363 484.202 537.042
2456786.880738303 6684.11 484.355 537.155
2456786.90116995 6692.639 484.3 537.109
2456786.921601698 6718.178 484.224 537.052
2456786.942033247 6740.93 484.139 537.009
2456786.962464895 6752.515 484.077 536.96
2456786.982896643 6766.908 484.007 536.914
2456787.003328192 6763.13 483.921 536.858
2456787.023759841 6728.146 483.853 536.818
2456787.04419159 6721.978 483.775 536.765
2456787.064623139 6713.851 483.716 536.724
2456787.085054888 6717.906 483.651 536.661
2456787.125918188 6692.741 484.796 537.295
2456787.146349838 6694.439 484.752 537.284
2456787.166781487 6701.33 484.73 537.275
2456787.187213138 6699.315 484.705 537.242
2456787.207644788 6695.716 484.659 537.215
2456787.228076438 6672.545 484.649 537.193
2456787.248508189 6678.327 484.514 537.219
2456787.26893974 6676.207 484.476 537.184
2456787.289371391 6668.822 484.408 537.178
2456787.309803143 6674.239 484.359 537.155
2456787.330234794 6676.674 484.329 537.129
2456787.350666346 6812.875 484.558 537.272
2456787.371098097 6683.822 484.67 537.22
2456787.391529749 6669.77 484.544 537.263
2456787.411961301 6685.569 484.495 537.223
2456787.432393053 6675.587 484.442 537.2
2456787.452824706 6657.773 484.372 537.172
2456787.473256358 6657.506 484.357 537.143
2456787.493688011 6667.726 484.309 537.11
2456787.514119664 6678.045 484.261 537.081
2456787.534551417 6683.272 484.238 537.046
2456787.55498297 6711.521 484.165 537.007
2456787.575414624 6727.561 484.125 536.99
2456787.595846277 6657.534 484.374 537.157
2456787.616277931 6662.79 484.357 537.154
2456787.636709685 6662.805 484.314 537.135
2456787.657141239 6674.99 484.271 537.067
2456787.677572893 6683.963 484.221 537.053
2456787.698004648 6710.419 484.163 537.014
2456787.718436203 6726.089 484.107 536.983
2456787.738867857 6726.773 484.064 536.959
2456787.759299613 6734.861 484.019 536.907
2456787.779731167 6732.388 483.972 536.884
2456787.800162823 6716.305 483.903 536.845
2456787.820594579 6710.652 483.851 536.812
2456787.841026234 6566.928 484.342 537.132
2456787.86145789 6663.101 484.368 537.161
2456787.881889546 6676.682 484.327 537.128
2456787.902321202 6672.777 484.27 537.082
2456787.922752859 6682.257 484.212 537.043
2456787.943184515 6709.926 484.158 537.02
2456787.963616172 6738.221 484.094 536.975
2456787.984047929 6727.638 484.053 536.956
2456788.004479486 6727.075 483.995 536.893
2456788.024911143 6728.44 483.952 536.859
2456788.045342901 6707.06 483.882 536.825
2456788.065774458 6699.703 483.819 536.797
2456788.086206216 6521.888 484.505 537.232
2456788.106637874 6674.258 484.667 537.214
2456788.127069432 6680.985 484.526 537.244
2456788.147501191 6674.615 484.459 537.217
2456788.167932849 6672.138 484.393 537.173
2456788.188364408 6655.764 484.351 537.138
2456788.208796167 6665.328 484.279 537.074
2456788.229227726 6688.017 484.218 537.049
2456788.249659485 6714.22 484.156 537.007
2456788.270091145 6735.75 484.089 536.968
2456788.290522704 6748.451 484.039 536.936
2456788.310954464 6754.275 483.978 536.887
2456788.331386124 6652.416 484.261 537.075
2456788.351817784 6690.607 484.242 537.069
2456788.372249444 6724.529 484.18 537.026
2456788.392681105 6749.541 484.123 536.989
2456788.413112766 6751.236 484.057 536.936
2456788.433544427 6779.529 484.005 536.91
2456788.453976088 6753.583 483.957 536.882
2456788.474407849 6738.01 483.891 536.838
2456788.49483951 6721.508 483.849 536.804
2456788.515271072 6726.847 483.777 536.765
2456788.535702834 6719.601 483.728 536.734
2456788.556134495 6728.853 483.669 536.678
2456788.576566058 6538.931 484.249 537.078
2456788.59699782 6692.069 484.375 537.147
2456788.617429483 6695.84 484.292 537.103
2456788.637861245 6710.268 484.233 537.063
2456788.658292808 6741.391 484.145 537.01
2456788.678724471 6770.692 484.086 536.967
2456788.699156235 6770.054 484.011 536.926
2456788.719587798 6759.113 483.958 536.886
2456788.740019462 6747.058 483.882 536.841
2456788.760451226 6735.473 483.813 536.792
2456788.780882789 6723.052 483.772 536.768
2456788.801314454 6732.606 483.685 536.704
2456788.821746218 6596.736 484.262 537.087
2456788.842177783 6704.385 484.344 537.135
2456788.862609547 6718.83 484.244 537.064
2456788.883041112 6740.371 484.19 537.029
2456788.903472777 6771.493 484.093 536.962
2456788.923904542 6779.716 484.028 536.925
2456788.944336108 6763.563 483.949 536.877
2456788.964767774 6766.54 483.884 536.824
2456788.985199539 6742.652 483.819 536.79
2456789.005631206 6731.589 483.745 536.74
2456789.026062872 6758.258 483.682 536.696
2456789.046494538 6763.109 483.607 536.609
2456789.087357872 6705.954 484.477 537.198
2456789.107789539 6717.377 484.468 537.171
2456789.128221206 6717.324 484.407 537.179
2456789.148652973 6702.283 484.341 537.137
2456789.169084541 6721.431 484.311 537.125
2456789.189516209 6721.798 484.263 537.079
2456789.209947976 6721.698 484.233 537.061
2456789.230379545 6731.026 484.196 537.034
2456789.250811313 6767.898 484.142 536.988
2456789.271242981 6780.068 484.101 536.973
2456789.29167455 6782.364 484.029 536.941
2456789.312106319 6658.553 484.255 537.075
2456789.332537988 6715.998 484.295 537.103
2456789.352969558 6727.67 484.249 537.064
2456789.373401327 6746.202 484.213 537.032
2456789.393832996 6746.482 484.172 536.983
2456789.414264766 6766.249 484.114 536.968
2456789.434696336 6762.47 484.054 536.951
2456789.455128007 6788.498 484.015 536.91
2456789.475559777 6781.405 483.965 536.892
2456789.495991347 6760.467 483.928 536.853
2456789.516423018 6750.25 483.895 536.821
2456789.536854689 6743.075 483.825 536.789
2456789.55728636 6577.291 484.346 537.122
2456789.577718032 6716.59 484.462 537.197
2456789.598149703 6724.477 484.411 537.173
2456789.618581375 6703.537 484.354 537.153
2456789.639013147 6707.956 484.313 537.107
2456789.65944472 6713.86 484.274 537.064
2456789.679876392 6732.183 484.183 537.027
2456789.700308164 6744.742 484.146 537.0
2456789.720739837 6766.828 484.084 536.954
2456789.74117141 6766.204 484.029 536.925
2456789.761603183 6778.187 484.002 536.889
2456789.782034856 6754.872 483.911 536.858
2456789.80246643 6575.752 484.341 537.127
2456789.822898204 6682.611 484.4 537.169
2456789.843329878 6697.225 484.347 537.133
2456789.863761652 6695.552 484.286 537.11
2456789.884193226 6708.47 484.221 537.045
2456789.904624901 6710.374 484.189 537.012
2456789.925056675 6734.257 484.122 536.964
2456789.94548825 6745.027 484.057 536.939
2456789.965919925 6757.167 483.996 536.897
2456789.9863517 6741.357 483.946 536.87
2456790.006783276 6734.512 483.904 536.836
2456790.027215052 6706.979 483.835 536.796
2456790.047646728 6510.191 484.392 537.153
2456790.068078304 6679.577 484.503 537.227
2456790.08851008 6664.042 484.461 537.202
2456790.108941757 6671.052 484.421 537.173
2456790.129373333 6663.986 484.355 537.131
2456790.14980511 6666.777 484.311 537.101
2456790.170236787 6681.232 484.23 537.046
2456790.190668465 6691.625 484.193 537.026
2456790.211100142 6720.597 484.109 536.986
2456790.23153182 6716.06 484.076 536.937
2456790.251963498 6735.913 484.007 536.905
2456790.272395176 6715.798 483.941 536.859
2456790.292826854 6628.999 484.219 537.054
2456790.313258532 6685.349 484.218 537.043
2456790.333690211 6678.986 484.169 537.011
2456790.35412189 6705.273 484.114 536.972
2456790.374553669 6715.959 484.041 536.921
2456790.394985248 6708.477 483.985 536.9
2456790.415417028 6709.104 483.926 536.841
2456790.435848708 6679.482 483.875 536.819
2456790.456280288 6665.694 483.8 536.776
2456790.476712068 6655.653 483.747 536.74
2456790.497143748 6665.793 483.703 536.698
2456790.517575329 6653.619 483.649 536.634
2456790.538007109 6491.855 484.18 537.021
2456790.55843879 6623.579 484.3 537.097
2456790.578870571 6632.34 484.243 537.059
2456790.599302153 6666.868 484.159 537.002
2456790.619733834 6672.399 484.122 536.983
2456790.640165616 6682.703 484.046 536.931
2456790.660597198 6693.778 483.986 536.885
2456790.68102888 6679.987 483.933 536.863
2456790.701460662 6660.918 483.875 536.811
2456790.721892245 6645.223 483.828 536.786
2456790.742323928 6637.428 483.758 536.748
2456790.762755711 6640.787 483.725 536.709
2456790.783187394 6455.493 484.356 537.124
2456790.803619077 6627.04 484.497 537.21
2456790.824050761 6620.603 484.434 537.176
2456790.844482445 6607.888 484.357 537.145
2456790.864914129 6616.025 484.306 537.099
2456790.885345813 6633.38 484.228 537.047
2456790.905777398 6641.835 484.184 537.021
2456790.926209182 6666.409 484.113 536.963
2456790.946640867 6670.698 484.056 536.937
2456790.967072552 6693.631 483.978 536.887
2456790.987504237 6677.493 483.941 536.85
2456791.007935923 6646.629 483.878 536.818
2456791.048799295 6610.74 484.444 537.182
2456791.069230981 6600.132 484.348 537.131
2456791.089662767 6603.338 484.282 537.1
2456791.110094353 6610.974 484.23 537.047
2456791.13052604 6639.852 484.17 537.028
2456791.150957827 6658.628 484.135 536.979
2456791.171389414 6671.508 484.094 536.951
2456791.191821202 6680.205 484.065 536.92
2456791.212252889 6694.088 483.994 536.884
2456791.232684477 6668.592 483.982 536.86
2456791.253116265 6680.755 483.904 536.845
2456791.273547953 6429.786 484.227 537.041
2456791.293979541 6612.422 484.379 537.149
2456791.31441133 6634.241 484.332 537.131
2456791.334843019 6612.187 484.302 537.107
2456791.355274808 6627.284 484.256 537.062
2456791.375706397 6659.313 484.218 537.034
2456791.396138087 6670.364 484.167 536.998
2456791.416569876 6676.282 484.131 536.984
2456791.437001466 6679.302 484.072 536.96
2456791.457433156 6703.386 484.053 536.933
2456791.477864947 6717.114 484.001 536.894
2456791.498296637 6699.632 483.964 536.867
2456791.518728228 6525.913 484.37 537.125
2456791.539160019 6641.786 484.456 537.181
2456791.55959161 6628.111 484.413 537.163
2456791.580023401 6625.73 484.361 537.119
2456791.600455093 6649.232 484.303 537.112
2456791.620886685 6640.778 484.271 537.076
2456791.641318477 6673.62 484.21 537.049
2456791.661750169 6683.318 484.194 537.013
2456791.682181762 6705.824 484.152 536.978
2456791.702613554 6721.413 484.103 536.968
2456791.723045247 6732.863 484.054 536.923
2456791.74347704 6737.154 484.012 536.913
2456791.763908634 6621.934 484.318 537.105
2456791.784340328 6655.96 484.4 537.164
2456791.804772121 6662.346 484.377 537.129
2456791.825203715 6671.018 484.324 537.1
2456791.845635409 6680.619 484.282 537.087
2456791.866067204 6696.909 484.228 537.038
2456791.886498799 6715.873 484.197 537.021
2456791.906930493 6728.49 484.144 536.993
2456791.927362288 6732.507 484.114 536.965
2456791.947793884 6754.188 484.053 536.935
2456791.968225679 6759.728 484.022 536.905
2456791.988657375 6765.12 483.966 536.875
2456792.009089071 6584.908 484.351 537.123
2456792.029520767 6672.438 484.43 537.182
2456792.049952463 6693.468 484.376 537.136
2456792.07038416 6684.122 484.348 537.116
2456792.090815857 6691.2 484.285 537.07
2456792.111247554 6704.702 484.241 537.046
2456792.131679351 6739.091 484.187 537.019
2456792.152111049 6752.245 484.143 536.989
2456792.172542647 6758.86 484.114 536.966
2456792.192974444 6773.807 484.065 536.938
2456792.213406043 6772.983 484.019 536.909
2456792.233837741 6777.679 483.973 536.878
2456792.254269539 6636.707 484.354 537.129
2456792.274701138 6706.165 484.413 537.152
2456792.295132937 6700.375 484.348 537.119
2456792.315564637 6696.772 484.301 537.09
2456792.335996236 6726.102 484.25 537.055
2456792.356428036 6736.605 484.207 537.043
2456792.376859736 6740.696 484.149 536.992
2456792.397291336 6769.681 484.131 536.968
2456792.417723136 6773.555 484.061 536.929
2456792.438154837 6785.999 484.022 536.914
2456792.458586438 6780.556 483.968 536.869
2456792.479018239 6776.17 483.914 536.837
2456792.49944994 6664.742 484.312 537.099
2456792.519881742 6713.349 484.312 537.1
2456792.540313343 6729.422 484.264 537.067
2456792.560745045 6742.192 484.2 537.021
2456792.581176847 6744.555 484.157 536.996
2456792.60160845 6778.141 484.099 536.955
2456792.622040152 6787.683 484.045 536.928
2456792.642471955 6801.208 484.001 536.897
2456792.662903658 6776.299 483.955 536.861
2456792.683335362 6760.991 483.914 536.833
2456792.703767065 6752.172 483.852 536.786
2456792.724198769 6742.302 483.81 536.776
2456792.744630473 6480.465 484.54 537.241
2456792.765062177 6736.796 484.746 537.356
2456792.785493881 6741.164 484.775 537.266
2456792.805925586 6738.068 484.717 537.23
2456792.826357291 6710.553 484.667 537.194
2456792.846788996 6747.221 484.525 537.224
2456792.867220801 6728.585 484.473 537.193
2456792.887652407 6705.493 484.397 537.152
2456792.908084213 6718.433 484.342 537.126
2456792.928515819 6724.128 484.273 537.064
2456792.948947525 6748.375 484.218 537.035
2456792.969379331 6762.456 484.163 536.994
2456793.010242645 6690.978 484.404 537.147
2456793.030674452 6705.217 484.389 537.142
2456793.051106059 6702.296 484.344 537.118
2456793.071537867 6724.539 484.264 537.085
2456793.091969575 6717.785 484.233 537.045
2456793.112401183 6742.826 484.157 537.009
2456793.132832991 6766.617 484.152 536.986
2456793.1532647 6751.776 484.104 536.961
2456793.173696309 6756.022 484.076 536.922
2456793.194128118 6759.568 484.046 536.89
2456793.214559827 6765.157 483.979 536.879
2456793.234991536 6534.123 484.556 537.253
2456793.255423246 6717.051 484.778 537.27
2456793.275854956 6713.555 484.758 537.253
2456793.296286766 6720.081 484.691 537.223
2456793.316718377 6695.866 484.675 537.199
2456793.337150088 6701.548 484.631 537.167
2456793.357581898 6705.599 484.497 537.211
2456793.378013609 6687.504 484.467 537.193
2456793.398445221 6699.958 484.413 537.176
2456793.418877032 6685.852 484.389 537.145
2456793.439308744 6695.812 484.337 537.11
2456793.459740556 6693.443 484.316 537.095
2456793.480172168 6677.199 484.462 537.176
2456793.500603881 6692.907 484.472 537.181
2456793.521035694 6692.472 484.431 537.156
2456793.541467307 6683.248 484.378 537.144
2456793.56189892 6682.378 484.335 537.118
2456793.582330734 6692.056 484.28 537.08
2456793.602762447 6681.979 484.262 537.07
2456793.623194261 6707.787 484.216 537.005
2456793.643625875 6735.26 484.171 536.999
2456793.66405759 6735.048 484.122 536.971
2456793.684489404 6765.96 484.072 536.935
2456793.704921019 6762.317 484.017 536.912
2456793.725352734 6644.748 484.306 537.093
2456793.74578455 6689.804 484.342 537.12
2456793.766216165 6695.449 484.301 537.084
2456793.786647881 6705.092 484.263 537.061
2456793.807079697 6729.074 484.208 537.021
2456793.827511313 6729.83 484.172 537.002
2456793.847943129 6736.651 484.119 536.971
2456793.868374846 6763.527 484.077 536.941
2456793.888806563 6761.588 484.048 536.912
2456793.90923828 6762.228 483.991 536.878
2456793.929669998 6759.479 483.967 536.861
2456793.950101716 6730.895 483.911 536.835
2456793.970533433 6579.396 484.528 537.231
2456793.990965152 6714.187 484.704 537.223
2456794.01139697 6697.276 484.68 537.192
2456794.031828689 6696.501 484.553 537.231
2456794.052260308 6712.762 484.499 537.196
2456794.072692127 6695.633 484.459 537.185
2456794.093123846 6692.182 484.402 537.158
2456794.113555466 6689.866 484.368 537.133
2456794.133987286 6677.115 484.31 537.092
2456794.154419006 6680.484 484.265 537.066
2456794.174850726 6711.314 484.202 537.025
2456794.195282447 6722.991 484.155 536.995
2456794.215714068 6654.555 484.459 537.176
2456794.236145888 6686.397 484.465 537.175
2456794.25657761 6678.372 484.423 537.157
2456794.277009232 6684.704 484.354 537.119
2456794.297441053 6681.237 484.319 537.11
2456794.317872775 6704.315 484.23 537.043
2456794.338304398 6712.207 484.198 537.02
2456794.35873622 6731.175 484.159 536.98
2456794.379167943 6731.957 484.102 536.949
2456794.399599766 6753.831 484.055 536.92
2456794.420031389 6749.214 484.0 536.892
2456794.440463113 6738.656 483.968 536.865
2456794.460894936 6637.031 484.305 537.088
2456794.48132656 6678.098 484.323 537.101
2456794.501758284 6689.769 484.249 537.051
2456794.522190109 6707.907 484.2 537.024
2456794.542621834 6731.585 484.152 536.976
2456794.563053559 6747.695 484.096 536.949
2456794.583485284 6751.033 484.033 536.916
2456794.603917009 6747.779 483.976 536.875
2456794.624348735 6734.372 483.94 536.839
2456794.644780461 6721.083 483.881 536.809
2456794.665212187 6703.133 483.835 536.768
2456794.685644014 6717.016 483.769 536.735
2456794.70607564 6567.639 484.291 537.087
2456794.726507367 6671.723 484.353 537.12
2456794.746939194 6679.915 484.308 537.09
2456794.767370822 6697.377 484.244 537.054
2456794.78780265 6724.489 484.185 537.001
2456794.808234377 6728.608 484.129 536.973
2456794.828666006 6747.698 484.061 536.923
2456794.849097834 6766.559 484.01 536.89
2456794.869529462 6738.527 483.929 536.849
2456794.889961191 6719.102 483.896 536.816
2456794.910393021 6704.566 483.823 536.766
2456794.93082465 6708.424 483.772 536.731
2456794.97168821 6670.211 484.474 537.194
2456794.99211984 6697.264 484.446 537.182
2456795.01255167 6673.75 484.386 537.153
2456795.032983401 6674.054 484.365 537.125
2456795.053415132 6682.912 484.297 537.086
2456795.073846863 6679.457 484.278 537.057
2456795.094278594 6715.199 484.211 537.027
2456795.114710426 6735.664 484.173 537.015
2456795.135142058 6737.84 484.122 536.984
2456795.15557379 6746.123 484.096 536.951
2456795.176005622 6748.46 484.068 536.919
2456795.196437255 6653.06 484.376 537.129
2456795.216868988 6673.646 484.389 537.109
2456795.237300821 6676.394 484.33 537.081
2456795.257732554 6688.558 484.292 537.074
2456795.278164188 6698.939 484.229 537.029
2456795.298596022 6711.527 484.196 537.016
2456795.319027756 6744.79 484.15 536.982
2456795.339459591 6746.521 484.112 536.964
2456795.359891226 6760.374 484.076 536.935
2456795.38032296 6764.077 484.039 536.907
2456795.400754795 6764.555 484.007 536.888
2456795.421186431 6765.292 483.957 536.86
2456795.441618166 6603.833 484.444 537.172
2456795.462050003 6699.87 484.483 537.215
2456795.482481638 6711.452 484.477 537.185
2456795.502913475 6698.229 484.436 537.161
2456795.523345112 6692.438 484.406 537.133
2456795.543776849 6685.096 484.368 537.106
2456795.564208686 6697.377 484.323 537.087
2456795.584640324 6713.411 484.268 537.071
2456795.605072061 6732.53 484.222 537.029
2456795.625503899 6730.824 484.184 537.017
2456795.645935537 6743.253 484.133 536.969
2456795.666367376 6768.28 484.106 536.952
2456795.686799115 6643.668 484.443 537.144
2456795.707230854 6702.589 484.478 537.189
2456795.727662593 6698.508 484.439 537.173
2456795.748094332 6693.4 484.386 537.129
2456795.768526072 6678.561 484.36 537.123
2456795.788957812 6692.831 484.301 537.09
2456795.809389553 6701.853 484.279 537.058
2456795.829821293 6716.337 484.229 537.03
2456795.850253134 6732.917 484.199 537.017
2456795.870684775 6743.512 484.151 536.978
2456795.891116616 6773.619 484.112 536.956
2456795.911548358 6765.655 484.064 536.932
2456795.931979999 6626.401 484.546 537.224
2456795.952411842 6693.762 484.681 537.191
2456795.972843584 6706.77 484.524 537.219
2456795.993275227 6703.948 484.5 537.198
2456796.01370707 6682.65 484.432 537.171
2456796.034138813 6676.827 484.398 537.148
2456796.054570656 6691.796 484.352 537.119
2456796.0750023 6679.104 484.32 537.08
2456796.095434044 6691.812 484.263 537.043
2456796.115865788 6708.854 484.2 537.012
2456796.136297532 6740.52 484.156 536.986
2456796.156729277 6736.094 484.098 536.946
2456796.177161022 6635.458 484.4 537.14
2456796.197592767 6671.813 484.398 537.137
2456796.218024612 6655.107 484.349 537.117
2456796.238456258 6682.24 484.289 537.076
2456796.258888004 6702.146 484.233 537.038
2456796.279319851 6702.46 484.205 537.01
2456796.299751497 6712.356 484.141 536.967
2456796.320183244 6727.684 484.095 536.938
2456796.340615091 6732.833 484.038 536.906
2456796.361046738 6728.337 484.0 536.878
2456796.381478486 6702.657 483.938 536.855
2456796.401910333 6690.224 483.898 536.81
2456796.422342082 6492.214 484.572 537.244
2456796.44277383 6655.526 484.788 537.245
2456796.463205579 6671.826 484.746 537.23
2456796.483637328 6657.44 484.682 537.197
2456796.504069077 6643.998 484.639 537.172
2456796.524500826 6656.632 484.493 537.193
2456796.544932576 6648.958 484.465 537.176
2456796.565364426 6637.677 484.397 537.141
2456796.585796076 6634.235 484.348 537.116
2456796.606227926 6646.034 484.299 537.076
2456796.626659677 6637.712 484.251 537.037
2456796.647091328 6644.88 484.202 537.014
2456796.66752318 6601.674 484.498 537.199
2456796.687954931 6633.166 484.511 537.213
2456796.708386583 6623.644 484.462 537.172
2456796.728818435 6632.242 484.417 537.147
2456796.749250187 6588.83 484.355 537.114
2456796.76968194 6626.945 484.307 537.085
2456796.790113693 6609.023 484.249 537.042
2456796.810545446 6633.658 484.202 537.015
2456796.830977199 6653.48 484.154 536.975
2456796.851408953 6665.23 484.1 536.942
2456796.871840707 6663.813 484.049 536.913
2456796.892272461 6671.201 484.01 536.875
2456796.93313597 6589.755 484.347 537.11
2456796.953567726 6594.162 484.301 537.078
2456796.973999481 6615.99 484.231 537.041
2456796.994431336 6619.68 484.214 537.005
2456797.014862992 6644.512 484.163 536.967
2456797.035294748 6634.882 484.143 536.946
2456797.055726605 6643.826 484.104 536.924
2456797.076158361 6673.502 484.042 536.907
2456797.096590018 6672.29 484.012 536.884
2456797.117021875 6661.587 483.966 536.86
2456797.137453633 6643.322 483.947 536.846
2456797.15788539 6436.35 484.3 537.079
2456797.178317148 6602.222 484.526 537.212
2456797.198748907 6609.189 484.488 537.185
2456797.219180765 6584.62 484.466 537.173
2456797.239612424 6590.484 484.42 537.148
2456797.260044183 6575.141 484.394 537.146
2456797.280476043 6574.413 484.349 537.122
2456797.300907702 6578.584 484.33 537.092
2456797.321339562 6581.928 484.292 537.065
2456797.341771322 6601.166 484.247 537.031
2456797.362202982 6611.457 484.228 537.004
2456797.382634843 6625.948 484.169 536.991
2456797.403066604 6562.269 484.445 537.146
2456797.423498265 6585.681 484.426 537.163
2456797.443930127 6586.099 484.401 537.138
2456797.464361889 6573.264 484.354 537.116
2456797.484793751 6594.541 484.303 537.089
2456797.505225413 6582.541 484.285 537.045
2456797.525657076 6606.17 484.233 537.019
2456797.546088939 6616.216 484.19 537.003
2456797.566520702 6657.972 484.134 536.963
2456797.586952466 6656.676 484.103 536.943
2456797.607384229 6650.987 484.054 536.915
2456797.627815993 6673.078 484.038 536.895
2456797.648247757 6457.073 484.624 537.268
2456797.668679522 6627.829 484.729 537.33
2456797.689111287 6608.371 484.769 537.24
2456797.709543152 6609.133 484.713 537.214
2456797.729974917 6614.292 484.695 537.194
2456797.750406583 6602.212 484.653 537.175
2456797.770838449 6607.552 484.634 537.163
2456797.791270215 6615.634 484.506 537.186
2456797.811701882 6597.44 484.482 537.194
2456797.832133748 6618.521 484.437 537.154
2456797.852565515 6605.493 484.396 537.138
2456797.872997383 6611.295 484.336 537.108
2456797.89342905 6585.409 484.566 537.234
2456797.913860818 6615.147 484.67 537.174
2456797.934292686 6625.365 484.539 537.199
2456797.954724355 6619.975 484.498 537.19
2456797.975156123 6625.354 484.428 537.145
2456797.995587992 6607.67 484.383 537.128
2456798.016019662 6613.608 484.32 537.098
2456798.036451531 6630.561 484.288 537.06
2456798.056883301 6651.369 484.229 537.021
2456798.077314971 6676.185 484.172 536.987
2456798.097746842 6699.323 484.11 536.955
2456798.118178612 6707.334 484.056 536.904
2456798.138610283 6587.041 484.418 537.145
2456798.159042154 6652.529 484.45 537.153
2456798.179473826 6639.162 484.391 537.126
2456798.199905698 6635.517 484.319 537.085
2456798.22033747 6650.285 484.26 537.041
2456798.240769142 6682.979 484.175 536.996
2456798.261201015 6715.554 484.143 536.972
2456798.281632788 6708.022 484.105 536.927
2456798.302064561 6715.252 484.062 536.908
2456798.322496334 6708.551 484.034 536.892
2456798.342928108 6737.831 483.987 536.868
2456798.363359882 6727.875 483.961 536.858
2456798.383791656 6612.649 484.481 537.177
2456798.404223431 6660.293 484.533 537.204
2456798.424655306 6667.763 484.469 537.168
2456798.445087081 6667.833 484.426 537.154
2456798.465518756 6658.892 484.353 537.105
2456798.485950632 6667.736 484.313 537.066
2456798.506382408 6691.012 484.239 537.028
2456798.526814085 6705.86 484.197 537.006
2456798.547245961 6734.001 484.134 536.964
2456798.567677738 6735.889 484.093 536.937
2456798.588109615 6750.942 484.057 536.894
2456798.608541293 6754.035 483.991 536.873
2456798.628973071 6593.363 484.509 537.179
2456798.649404949 6693.032 484.657 537.178
2456798.669836627 6689.261 484.542 537.216
2456798.690268405 6695.573 484.466 537.172
2456798.710700284 6692.132 484.432 537.146
2456798.731131963 6688.14 484.346 537.109
2456798.751563843 6688.886 484.308 537.072
2456798.771995622 6700.617 484.241 537.027
2456798.792427302 6728.679 484.195 536.989
2456798.812859183 6750.079 484.131 536.961
2456798.833290863 6758.205 484.069 536.929
2456798.853722644 6768.387 484.028 536.882
2456798.894586207 6689.844 484.573 537.205
2456798.915017989 6841.646 484.541 537.202
2456798.935449871 6695.593 484.535 537.184
2456798.955881653 6708.055 484.468 537.177
2456798.976313435 6710.737 484.443 537.159
2456798.996745219 6686.982 484.409 537.138
2456799.017177002 6690.272 484.381 537.135
2456799.037608785 6688.172 484.344 537.091
2456799.058040569 6693.795 484.316 537.077
2456799.078472353 6704.165 484.272 537.045
2456799.098904237 6720.743 484.231 537.018
2456799.119335922 6687.408 484.5 537.193
2456799.139767807 6724.496 484.493 537.194
2456799.160199592 6723.741 484.467 537.181
2456799.180631278 6726.197 484.42 537.137
2456799.201063163 6701.651 484.4 537.12
2456799.221494949 6694.016 484.342 537.09
2456799.241926636 6704.386 484.322 537.067
2456799.262358523 6715.001 484.277 537.033
2456799.282790309 6720.125 484.249 537.031
2456799.303222197 6759.942 484.187 537.001
2456799.323653884 6757.124 484.163 536.977
2456799.344085672 6760.132 484.12 536.955
2456799.36451756 6656.745 484.415 537.142
2456799.384949248 6715.438 484.47 537.159
2456799.405381037 6711.351 484.428 537.133
2456799.425812926 6701.579 484.385 537.124
2456799.446244616 6715.463 484.329 537.085
2456799.466676505 6706.853 484.298 537.068
2456799.487108195 6727.794 484.234 537.032
2456799.507539985 6744.986 484.203 537.001
2456799.527971875 6747.512 484.177 536.971
2456799.548403566 6764.113 484.134 536.944
2456799.568835357 6781.488 484.081 536.926
2456799.589267249 6794.272 484.047 536.898
2456799.60969904 6644.382 484.372 537.103
2456799.630130732 6720.687 484.443 537.154
2456799.650562624 6703.524 484.414 537.141
2456799.670994417 6700.72 484.36 537.11
2456799.69142621 6704.459 484.335 537.087
2456799.711858003 6717.065 484.279 537.056
2456799.732289796 6723.26 484.25 537.024
2456799.75272169 6750.539 484.189 536.997
2456799.773153384 6772.162 484.154 536.971
2456799.793585178 6775.625 484.108 536.946
2456799.814017073 6775.319 484.08 536.908
2456799.834448768 6764.879 484.052 536.886
2456799.854880663 6595.022 484.493 537.185
2456799.875312458 6750.093 484.727 537.204
2456799.895744154 6721.522 484.677 537.17
2456799.91617605 6704.112 484.654 537.165
2456799.936607847 6733.424 484.505 537.186
2456799.957039543 6730.282 484.489 537.178
2456799.977471441 6717.722 484.429 537.148
2456799.997903238 6711.949 484.399 537.133
2456800.018335135 6699.784 484.346 537.108
2456800.038766833 6721.209 484.308 537.074
2456800.059198631 6721.716 484.272 537.041
2456800.07963043 6735.124 484.233 537.005
2456800.100062228 6693.766 484.518 537.191
2456800.120494028 6725.907 484.52 537.192
2456800.140925827 6732.153 484.493 537.18
2456800.161357626 6713.701 484.436 537.143
2456800.181789526 6700.631 484.405 537.139
2456800.202221227 6702.01 484.34 537.1
2456800.222653027 6719.977 484.328 537.066
2456800.243084928 6720.815 484.249 537.034
2456800.263516629 6732.452 484.215 536.997
2456800.283948431 6747.484 484.163 536.983
2456800.304380333 6760.925 484.124 536.94
2456800.324812135 6790.22 484.077 536.917
2456800.345243837 6659.615 484.436 537.141
2456800.365675739 6735.253 484.499 537.18
2456800.386107543 6717.795 484.445 537.149
2456800.406539446 6705.492 484.4 537.138
2456800.42697115 6699.234 484.351 537.094
2456800.447402953 6700.616 484.325 537.08
2456800.467834857 6719.143 484.254 537.026
2456800.488266562 6729.547 484.216 537.012
2456800.508698367 6770.256 484.152 536.966
2456800.529130272 6774.449 484.126 536.948
2456800.549561977 6771.9 484.077 536.901
2456800.569993883 6779.901 484.03 536.887
2456800.590425689 6695.531 484.262 537.039
2456800.610857395 6704.832 484.266 537.034
2456800.631289302 6721.62 484.211 537.002
2456800.651721109 6762.769 484.159 536.967
2456800.672152816 6765.957 484.116 536.945
2456800.692584724 6779.236 484.053 536.896
2456800.713016531 6773.802 484.014 536.871
2456800.73344834 6756.102 483.955 536.825
2456800.753880148 6751.667 483.918 536.803
2456800.774311957 6748.411 483.845 536.761
2456800.794743866 6739.555 483.801 536.739
2456800.815175575 6745.39 483.757 536.688
2456800.856039195 6708.145 484.457 537.151
2456800.876471005 6704.402 484.454 537.149
2456800.896902916 6692.97 484.434 537.12
2456800.917334727 6717.727 484.425 537.108
2456800.937766438 6686.625 484.38 537.097
2456800.958198349 6699.688 484.346 537.095
2456800.978630161 6666.253 484.322 537.082
2456800.999061873 6697.301 484.281 537.045
2456801.019493786 6717.008 484.247 537.026
2456801.039925599 6720.721 484.212 536.992
2456801.060357311 6732.958 484.193 536.983
2456801.080789225 6670.678 484.399 537.115
2456801.101221038 6707.984 484.425 537.144
2456801.121652952 6696.314 484.373 537.108
2456801.142084667 6697.032 484.344 537.101
2456801.162516481 6692.176 484.293 537.059
2456801.182948396 6703.57 484.277 537.044
2456801.203380111 6720.543 484.234 537.005
2456801.223811927 6721.759 484.21 536.988
2456801.244243843 6749.615 484.181 536.967
2456801.264675559 6759.864 484.169 536.932
2456801.285107475 6762.075 484.132 536.946
2456801.305539292 6780.969 484.064 536.908
2456801.325971009 6584.8 484.513 537.18
2456801.346402926 6717.305 484.712 537.195
2456801.366834744 6716.742 484.687 537.185
2456801.387266562 6703.719 484.547 537.227
2456801.40769838 6705.045 484.539 537.203
2456801.428130199 6708.459 484.516 537.166
2456801.448562018 6707.754 484.468 537.16
2456801.468993837 6700.953 484.435 537.136
2456801.489425656 6699.523 484.396 537.123
2456801.509857477 6693.538 484.345 537.107
2456801.530289297 6691.047 484.315 537.068
2456801.550721117 6703.364 484.257 537.03
2456801.571152938 6667.074 484.57 537.207
2456801.591584759 6712.919 484.672 537.16
2456801.612016681 6714.648 484.545 537.206
2456801.632448502 6711.147 484.521 537.191
2456801.652880224 6716.01 484.462 537.156
2456801.673312147 6704.219 484.439 537.145
2456801.693743969 6689.64 484.392 537.119
2456801.714175692 6702.747 484.365 537.097
2456801.734607616 6696.49 484.303 537.059
2456801.755039439 6715.653 484.27 537.037
2456801.775471163 6718.99 484.216 537.005
2456801.795903088 6742.123 484.179 536.975
2456801.816334912 6670.142 484.369 537.113
2456801.836766837 6686.563 484.368 537.099
2456801.857198562 6699.668 484.354 537.073
2456801.877630388 6705.967 484.304 537.054
2456801.898062313 6694.722 484.269 537.032
2456801.91849404 6732.984 484.21 536.992
2456801.938925866 6760.161 484.179 536.979
2456801.959357793 6764.757 484.123 536.936
2456801.97978952 6763.491 484.093 536.921
2456802.000221448 6768.343 484.04 536.884
2456802.020653275 6765.869 484.007 536.866
2456802.041085003 6749.012 483.951 536.828
2456802.061516932 6633.993 484.363 537.097
2456802.08194876 6706.258 484.431 537.135
2456802.102380489 6695.912 484.397 537.105
2456802.122812419 6694.311 484.357 537.083
2456802.143244248 6689.917 484.303 537.054
2456802.163676078 6706.067 484.276 537.044
2456802.184107909 6726.045 484.217 536.996
2456802.204539739 6721.473 484.183 536.979
2456802.22497157 6758.021 484.13 536.948
2456802.245403401 6766.021 484.113 536.917
2456802.265835233 6757.602 484.042 536.883
2456802.286267165 6761.432 484.021 536.869
2456802.306698897 6690.729 484.24 537.013
2456802.327130729 6706.145 484.259 537.025
2456802.347562662 6710.599 484.215 537.005
2456802.367994395 6726.606 484.185 536.97
2456802.388426329 6754.474 484.132 536.937
2456802.408858162 6745.341 484.09 536.912
2456802.429289897 6746.662 484.041 536.891
2456802.449721831 6748.824 484.013 536.863
2456802.470153666 6754.625 483.962 536.829
2456802.490585401 6728.087 483.922 536.799
2456802.511017337 6721.751 483.886 536.779
2456802.531449172 6727.342 483.831 536.75
2456802.551881108 6587.472 484.389 537.101
2456802.572312844 6681.984 484.456 537.146
2456802.592744681 6672.54 484.436 537.129
2456802.613176618 6671.766 484.378 537.096
2456802.633608356 6667.009 484.335 537.076
2456802.654040193 6676.682 484.281 537.046
2456802.674472131 6686.763 484.251 537.02
2456802.694903869 6686.067 484.199 536.987
2456802.715335808 6719.959 484.164 536.963
2456802.735767647 6725.94 484.124 536.933
2456802.756199386 6714.273 484.074 536.901
2456802.776631326 6720.662 484.034 536.874
2456802.817495006 6605.924 484.512 537.184
2456802.837926846 6666.033 484.565 537.205
2456802.858358688 6664.295 484.532 537.188
2456802.878790429 6639.147 484.472 537.166
2456802.89922237 6634.557 484.441 537.145
2456802.919654212 6625.033 484.39 537.119
2456802.940086154 6626.127 484.372 537.107
2456802.960517897 6630.411 484.318 537.074
2456802.980949739 6624.471 484.317 537.06
2456803.001381683 6626.9 484.276 537.022
2456803.021813427 6635.216 484.258 537.001
2456803.04224527 6473.905 484.62 537.266
2456803.062677214 6636.521 484.834 537.377
2456803.083108959 6602.228 484.805 537.361
2456803.103540903 6647.051 484.763 537.326
2456803.123972749 6634.184 484.8 537.245
2456803.144404494 6649.762 484.781 537.23
2456803.16483644 6644.019 484.753 537.211
2456803.185268286 6626.503 484.721 537.194
2456803.205700032 6642.696 484.703 537.176
2456803.226131979 6620.401 484.654 537.151
2456803.246563826 6608.962 484.631 537.133
2456803.266995774 6641.12 484.493 537.176
2456803.287427522 6626.991 484.479 537.155
2456803.30785937 6591.469 484.416 537.139
2456803.328291318 6603.922 484.405 537.116
2456803.348723067 6599.287 484.37 537.094
2456803.369154916 6605.158 484.337 537.076
2456803.389586865 6601.489 484.329 537.046
2456803.410018715 6615.414 484.28 537.03
2456803.430450565 6608.23 484.263 537.008
2456803.450882316 6607.677 484.207 536.991
2456803.471314166 6635.672 484.184 536.973
2456803.491746117 6651.563 484.144 536.944
2456803.512177969 6648.57 484.114 536.932
2456803.532609721 6560.211 484.453 537.152
2456803.553041672 6600.403 484.505 537.17
2456803.573473525 6602.903 484.472 537.135
2456803.593905278 6593.811 484.429 537.129
2456803.614337231 6568.592 484.378 537.098
2456803.634769084 6588.545 484.345 537.084
2456803.655201038 6591.333 484.299 537.043
2456803.675632792 6603.056 484.257 537.026
2456803.696064646 6612.577 484.229 536.991
2456803.716496601 6614.903 484.187 536.969
2456803.736928356 6631.711 484.144 536.933
2456803.757360211 6634.562 484.101 536.919
2456803.777792167 6499.931 484.559 537.201
2456803.798223923 6597.258 484.701 537.184
2456803.818655879 6590.708 484.676 537.172
2456803.839087736 6573.66 484.543 537.194
2456803.859519493 6594.864 484.511 537.18
2456803.879951451 6579.238 484.468 537.133
2456803.900383308 6572.492 484.431 537.133
2456803.920815066 6575.0 484.372 537.094
2456803.941247025 6576.885 484.343 537.079
2456803.961678883 6586.679 484.29 537.049
2456803.982110842 6576.867 484.261 537.021
2456804.002542602 6606.111 484.218 536.995
2456804.022974461 6553.531 484.427 537.114
2456804.043406322 6580.972 484.448 537.128
2456804.063838282 6586.121 484.409 537.105
2456804.084270043 6600.712 484.366 537.079
2456804.104701904 6589.104 484.312 537.057
2456804.125133765 6609.64 484.278 537.039
2456804.145565627 6615.182 484.237 537.003
2456804.165997589 6618.117 484.209 536.979
2456804.186429351 6646.157 484.157 536.948
2456804.206861314 6664.014 484.117 536.934
2456804.227293177 6669.953 484.06 536.897
2456804.247724941 6680.234 484.031 536.873
2456804.268156904 6529.438 484.528 537.181
2456804.288588768 6624.465 484.717 537.17
2456804.309020533 6617.696 484.561 537.2
2456804.329452497 6622.208 484.533 537.191
2456804.349884363 6635.994 484.476 537.149
2456804.370316328 6618.022 484.429 537.135
2456804.390748094 6626.369 484.377 537.098
2456804.41117996 6631.505 484.327 537.072
2456804.431611926 6623.196 484.286 537.031
2456804.452043694 6640.094 484.246 537.006
2456804.47247556 6670.665 484.19 536.972
2456804.492907528 6679.036 484.136 536.934
2456804.513339296 6553.984 484.757 537.333
2456804.533771264 6640.025 484.786 537.352
2456804.554203133 6657.079 484.75 537.324
2456804.574635001 6668.184 484.779 537.221
2456804.595066871 6664.227 484.748 537.198
2456804.61549874 6650.454 484.695 537.17
2456804.63593061 6639.123 484.664 537.158
2456804.65636248 6664.218 484.506 537.173
2456804.676794351 6658.898 484.489 537.152
2456804.697226222 6631.823 484.417 537.126
2456804.717658093 6647.283 484.393 537.103
2456804.738089964 6648.103 484.323 537.067
2456804.758521836 6655.012 484.29 537.045
2456804.778953709 6673.297 484.248 536.995
2456804.799385581 6705.112 484.198 536.981
2456804.819817554 6711.51 484.146 536.931
2456804.840249327 6710.319 484.095 536.913
2456804.860681201 6736.197 484.048 536.878
2456804.881113175 6737.989 484.008 536.857
2456804.901544949 6724.117 483.966 536.812
2456804.921976924 6716.946 483.907 536.793
2456804.942408799 6697.078 483.87 536.746
2456804.962840574 6714.921 483.815 536.732
2456804.98327255 6702.595 483.781 536.687
2456805.003704426 6473.532 484.445 537.123
2456805.024136202 6687.072 484.722 537.186
2456805.044568179 6688.23 484.667 537.154
2456805.065000056 6683.928 484.543 537.194
2456805.085432034 6698.81 484.483 537.165
2456805.105863811 6689.273 484.462 537.138
2456805.126295689 6674.362 484.402 537.099
2456805.146727668 6684.208 484.367 537.091
2456805.167159447 6676.98 484.308 537.046
2456805.187591326 6694.304 484.274 537.026
