Dates Flux Xpos Ypos
2456768.962217216 7567.158 59.743 447.061
2456768.982648807 7637.176 59.785 447.051
2456769.003080397 7663.792 59.787 447.059
2456769.023511988 7679.605 59.785 447.071
2456769.043943578 7679.821 59.797 447.055
2456769.064375169 7723.045 59.804 447.075
2456769.084806759 7775.996 59.814 447.084
2456769.105238449 7801.08 59.831 447.096
2456769.12567004 7817.635 59.837 447.104
2456769.14610153 7862.252 59.857 447.113
2456769.16653322 7885.264 59.856 447.125
2456769.18696471 7870.925 59.866 447.124
2456769.207396301 7886.431 59.866 447.129
2456769.227827991 7890.029 59.872 447.134
2456769.248259481 7873.131 59.87 447.132
2456769.268691071 7896.933 59.873 447.134
2456769.289122761 7910.563 59.89 447.146
2456769.309554251 7907.817 59.891 447.147
2456769.329985841 7931.3 59.9 447.167
2456769.350417531 7941.141 59.924 447.165
2456769.370849021 7954.845 59.936 447.188
2456769.391280711 7965.809 59.931 447.183
2456769.4117123 7963.621 59.932 447.189
2456769.43214379 7959.517 59.929 447.177
2456769.47300707 7903.058 59.859 447.151
2456769.493438659 7937.959 59.993 447.236
2456769.513870249 7959.63 59.975 447.263
2456769.534301839 7964.396 59.97 447.262
2456769.554733428 7970.996 59.982 447.264
2456769.575165118 7959.657 59.975 447.275
2456769.595596607 7932.019 60.006 447.279
2456769.616028297 7958.645 60.0 447.287
2456769.636459887 7959.075 60.002 447.291
2456769.656891376 7954.28 59.996 447.289
2456769.677323065 7950.006 60.003 447.301
2456769.697754655 7931.775 60.01 447.285
2456769.718186144 7917.406 60.013 447.291
2456769.738617833 7899.953 60.021 447.281
2456769.759049423 7872.84 60.041 447.308
2456769.779480912 7909.201 60.029 447.31
2456769.799912601 7901.621 60.028 447.299
2456769.82034419 7914.012 60.028 447.319
2456769.84077568 7860.46 60.047 447.31
2456769.861207369 7846.439 60.047 447.32
2456769.881638858 7864.196 60.046 447.322
2456769.902070547 7855.661 60.05 447.328
2456769.922502136 7868.521 60.044 447.324
2456769.942933625 7824.885 60.069 447.326
2456769.963365314 7781.237 60.071 447.338
2456769.983796903 7768.918 60.077 447.341
2456770.004228492 7759.794 60.083 447.346
2456770.024660081 7762.863 60.081 447.355
2456770.04509167 7730.458 60.093 447.362
2456770.065523259 7680.208 60.105 447.361
2456770.085954848 7691.014 60.121 447.38
2456770.106386437 7724.01 60.118 447.392
2456770.126818025 7735.202 60.134 447.404
2456770.147249714 7701.772 60.158 447.403
2456770.167681203 7713.548 60.175 447.416
2456770.188112892 7749.117 60.172 447.428
2456770.208544481 7762.326 60.18 447.438
2456770.228975969 7776.189 60.183 447.441
2456770.249407658 7762.535 60.201 447.449
2456770.269839247 7773.416 60.211 447.466
2456770.290270735 7780.395 60.208 447.482
2456770.310702424 7751.689 60.235 447.481
2456770.331134012 7747.432 60.256 447.482
2456770.351565501 7760.931 60.258 447.503
2456770.37199719 7757.373 60.265 447.506
2456770.392428778 7753.813 60.271 447.516
2456770.412860367 7775.129 60.275 447.526
2456770.433291955 7728.442 59.781 447.079
2456770.453723543 7437.116 59.717 447.029
2456770.474155232 7506.36 59.727 447.053
2456770.494586721 7551.266 59.741 447.058
2456770.515018309 7606.844 59.778 447.042
2456770.535449897 7664.656 59.791 447.06
2456770.555881485 7696.267 59.794 447.072
2456770.576313074 7745.072 59.816 447.07
2456770.596744662 7767.381 59.817 447.084
2456770.617176251 7765.063 59.815 447.085
2456770.637607839 7774.207 59.821 447.082
2456770.658039527 7794.521 59.829 447.096
2456770.678471015 7842.309 59.847 447.107
2456770.698902604 7832.955 59.841 447.101
2456770.719334292 7823.834 59.839 447.101
2456770.73976578 7824.255 59.846 447.103
2456770.760197468 7832.275 59.847 447.113
2456770.780629057 7830.764 59.846 447.105
2456770.801060544 7859.891 59.85 447.106
2456770.821492233 7847.941 59.845 447.108
2456770.841923821 7791.82 59.829 447.099
2456770.862355309 7832.074 59.851 447.106
2456770.882786997 7826.193 59.84 447.1
2456770.903218585 7813.584 59.833 447.109
2456770.923650073 7806.059 59.834 447.096
2456770.944081761 7798.828 59.832 447.089
2456770.964513349 7789.643 59.831 447.094
2456770.984944937 7796.97 59.827 447.096
2456771.005376525 7808.493 59.83 447.098
2456771.025808113 7811.615 59.832 447.098
2456771.046239801 7843.879 59.847 447.113
2456771.066671289 7866.034 59.863 447.119
2456771.087102877 7900.395 59.889 447.147
2456771.107534565 7949.142 59.916 447.173
2456771.127966153 7959.216 59.933 447.184
2456771.148397641 7963.487 59.953 447.2
2456771.168829329 7963.673 59.949 447.198
2456771.189260917 7966.567 59.948 447.196
2456771.209692405 7980.161 59.947 447.193
2456771.230124092 7966.523 59.939 447.189
2456771.25055558 7961.005 59.93 447.185
2456771.270987168 7939.554 59.909 447.16
2456771.291418856 7921.94 59.896 447.155
2456771.311850344 7915.786 59.887 447.148
2456771.332282031 7882.136 59.88 447.138
2456771.352713619 7908.696 59.885 447.139
2456771.373145107 7887.816 59.878 447.14
2456771.393576795 7878.82 59.866 447.125
2456771.434439871 7240.268 59.673 446.959
2456771.454871558 7321.29 59.692 446.998
2456771.475303146 7324.954 59.695 446.997
2456771.495734734 7331.118 59.684 447.015
2456771.516166321 7360.91 59.693 447.023
2456771.536597909 7426.417 59.71 447.036
2456771.557029497 7481.637 59.73 447.034
2456771.577461084 7490.524 59.726 447.046
2456771.597892672 7427.528 59.708 447.04
2456771.61832436 7444.162 59.708 447.042
2456771.638755947 7334.45 59.697 447.004
2456771.659187435 7347.84 59.696 447.013
2456771.679619123 7366.564 59.71 446.992
2456771.700050711 7312.485 59.689 446.991
2456771.720482198 7255.244 59.665 446.99
2456771.740913886 7208.48 59.657 446.979
2456771.761345474 7232.584 59.655 446.992
2456771.781776961 7182.638 59.655 446.966
2456771.802208649 7219.866 59.662 446.968
2456771.822640236 7166.248 59.647 446.971
2456771.843071724 7190.416 59.648 446.963
2456771.863503412 7165.794 59.649 446.969
2456771.883934999 7160.212 59.644 446.964
2456771.904366587 7143.512 59.649 446.947
2456771.924798174 7110.89 59.628 446.949
2456771.945229762 7102.563 59.632 446.946
2456771.96566135 7069.875 59.621 446.947
2456771.986092937 7055.464 59.62 446.944
2456772.006524525 7015.591 59.616 446.919
2456772.026956113 6990.945 59.607 446.929
2456772.0473877 6999.15 59.595 446.915
2456772.067819288 7013.643 59.586 446.908
2456772.088250875 7063.637 59.578 446.903
2456772.108682463 7074.713 59.579 446.89
2456772.129114151 7107.982 59.566 446.879
2456772.149545638 7072.561 59.551 446.879
2456772.169977226 7090.189 59.531 446.862
2456772.190408913 7146.634 59.509 446.832
2456772.210840501 7163.558 59.491 446.822
2456772.231271989 7174.639 59.468 446.799
2456772.251703676 7193.807 59.471 446.794
2456772.272135264 7223.767 59.474 446.786
2456772.292566751 7222.875 59.461 446.777
2456772.312998439 7219.111 59.44 446.772
2456772.333430026 7273.639 59.422 446.743
2456772.353861514 7280.612 59.401 446.739
2456772.374293202 7327.868 59.392 446.706
2456772.394724789 7909.149 59.868 447.163
2456772.415156477 7968.07 59.929 447.181
2456772.435587964 7950.271 59.913 447.169
2456772.456019552 7927.398 59.891 447.15
2456772.47645124 7880.826 59.861 447.121
2456772.496882727 7880.758 59.851 447.112
2456772.517314315 7844.052 59.834 447.115
2456772.537746002 7809.567 59.843 447.091
2456772.55817749 7815.334 59.833 447.095
2456772.578609078 7790.459 59.818 447.089
2456772.599040765 7760.275 59.808 447.079
2456772.619472253 7662.502 59.79 447.052
2456772.639903841 7571.629 59.747 447.05
2456772.660335529 7497.369 59.722 447.042
2456772.680767016 7324.572 59.683 446.996
2456772.701198704 7201.356 59.653 446.972
2456772.721630292 7125.86 59.637 446.95
2456772.742061779 7122.272 59.629 446.958
2456772.762493467 7022.458 59.613 446.919
2456772.782925054 7010.367 59.581 446.907
2456772.803356542 7073.439 59.564 446.891
2456772.82378823 7134.365 59.537 446.851
2456772.844219817 7173.133 59.512 446.831
2456772.864651305 7183.831 59.463 446.789
2456772.885082993 7267.752 59.431 446.751
2456772.905514581 7279.11 59.411 446.743
2456772.925946068 7294.451 59.403 446.725
2456772.946377756 7332.801 59.373 446.703
2456772.966809344 7360.81 59.333 446.679
2456772.987241032 7403.953 59.325 446.658
2456773.007672519 7402.456 59.291 446.63
2456773.028104107 7433.278 59.245 446.602
2456773.048535795 7483.051 59.199 446.567
2456773.068967283 7478.494 59.177 446.56
2456773.089398871 7509.16 59.158 446.549
2456773.109830559 7523.505 59.127 446.525
2456773.130262146 7899.883 59.815 447.128
2456773.150693634 7949.845 59.923 447.166
2456773.171125322 7911.993 59.879 447.139
2456773.19155691 7765.898 59.818 447.085
2456773.211988498 7684.922 59.794 447.059
2456773.232420086 7494.952 59.724 447.046
2456773.252851673 7355.978 59.699 447.01
2456773.273283261 7238.531 59.665 446.982
2456773.293714849 7123.629 59.638 446.955
2456773.314146437 7008.457 59.606 446.926
2456773.334578025 7087.553 59.555 446.877
2456773.355009613 7147.975 59.509 446.833
2456773.395872789 7298.898 59.647 446.984
2456773.416304377 7518.419 59.724 447.063
2456773.436735865 7420.341 59.708 447.01
2456773.457167553 7343.659 59.695 447.005
2456773.477599142 7166.59 59.646 446.969
2456773.49803083 7082.214 59.626 446.952
2456773.518462318 6967.379 59.592 446.935
2456773.538893905 7006.93 59.593 446.911
2456773.559325594 7073.453 59.576 446.887
2456773.579757082 7093.821 59.559 446.874
2456773.60018867 7187.542 59.522 446.823
2456773.620620358 7861.959 59.81 447.093
2456773.641051946 7766.344 60.086 447.359
2456773.661483434 7816.836 60.063 447.332
2456773.681915123 7893.777 60.041 447.337
2456773.702346711 7912.913 60.04 447.307
2456773.722778199 7950.719 60.009 447.284
2456773.743209887 7988.2 59.972 447.261
2456773.763641476 7996.116 59.972 447.264
2456773.784073064 8044.027 59.972 447.235
2456773.804504653 7971.62 59.965 447.191
2456773.824936241 7965.563 59.926 447.178
2456773.845367929 7937.396 59.893 447.145
2456773.865799418 7868.724 59.856 447.115
2456773.886231006 7821.729 59.832 447.094
2456773.906662694 7780.239 59.825 447.069
2456773.927094183 7653.366 59.758 447.083
2456773.947525771 7564.73 59.742 447.05
2456773.96795746 7454.979 59.712 447.036
2456773.988388948 7222.501 59.655 446.982
2456774.008820637 7159.376 59.645 446.939
2456774.029252125 7040.773 59.621 446.926
2456774.049683714 7065.648 59.585 446.896
2456774.070115402 7110.673 59.536 446.863
2456774.090546891 7168.044 59.502 446.822
2456774.110978479 7621.816 60.114 447.367
2456774.131410168 7753.38 60.158 447.418
2456774.151841657 7755.943 60.125 447.397
2456774.172273246 7705.455 60.106 447.376
2456774.192704934 7769.438 60.086 447.339
2456774.213136523 7893.332 60.038 447.303
2456774.233568012 8006.111 59.985 447.267
2456774.253999701 8047.97 59.985 447.244
2456774.27443129 8003.131 59.95 447.202
2456774.294862878 7965.955 59.931 447.174
2456774.315294467 7908.678 59.885 447.133
2456774.335726056 7811.382 59.827 447.09
2456774.356157745 7665.747 59.789 447.055
2456774.376589234 7539.932 59.741 447.046
2456774.397020823 7383.767 59.704 447.015
2456774.417452512 7217.327 59.655 446.98
2456774.437884001 7055.472 59.599 446.903
2456774.45831559 7112.547 59.55 446.87
2456774.478747279 7139.75 59.506 446.841
2456774.499178768 7196.416 59.482 446.805
2456774.519610457 7274.025 59.451 446.755
2456774.540042046 7337.659 59.387 446.706
2456774.560473535 7398.635 59.332 446.666
2456774.580905225 7410.507 59.295 446.635
2456774.601336814 7322.594 59.636 446.98
2456774.621768303 7103.193 59.631 446.946
2456774.642199992 7081.43 59.575 446.888
2456774.662631582 7138.484 59.52 446.845
2456774.683063171 7213.127 59.474 446.796
2456774.70349476 7260.886 59.423 446.749
2456774.72392635 7354.026 59.382 446.704
2456774.744357839 7408.411 59.317 446.659
2456774.764789529 7437.136 59.252 446.6
2456774.785221118 7477.518 59.213 446.573
2456774.805652708 7499.851 59.159 446.547
2456774.826084297 7551.89 59.096 446.511
2456774.846515887 7462.079 59.684 446.994
2456774.866947576 7450.525 59.714 447.03
2456774.887379066 7165.982 59.647 446.967
2456774.907810656 7007.678 59.594 446.914
2456774.928242345 7139.759 59.539 446.852
2456774.948673835 7225.896 59.453 446.772
2456774.969105425 7298.66 59.409 446.731
2456774.989537115 7382.794 59.359 446.684
2456775.009968604 7407.646 59.305 446.639
2456775.030400294 7451.047 59.22 446.586
2456775.050831884 7497.897 59.152 446.545
2456775.071263374 7547.274 59.098 446.506
2456775.091695064 7313.57 59.638 446.971
2456775.112126654 7144.828 59.645 446.952
2456775.132558144 7074.562 59.572 446.885
2456775.152989834 7166.956 59.499 446.826
2456775.173421424 7269.686 59.441 446.755
2456775.193853015 7359.971 59.376 446.696
2456775.214284604 7427.567 59.28 446.624
2456775.234716195 7472.206 59.213 446.577
2456775.255147885 7525.783 59.146 446.538
2456775.275579375 7577.989 59.082 446.5
2456775.296010965 7708.083 58.995 446.467
2456775.316442656 7921.053 58.938 446.431
2456775.357305737 7285.796 59.673 446.958
2456775.377737427 7335.422 59.68 446.981
2456775.398168918 7148.306 59.64 446.96
2456775.418600508 7074.469 59.622 446.941
2456775.439032199 7023.5 59.597 446.912
2456775.459463689 7073.704 59.575 446.89
2456775.47989528 7143.48 59.53 446.848
2456775.500326971 7173.518 59.486 446.818
2456775.520758461 7199.63 59.463 446.794
2456775.541190152 7276.252 59.43 446.759
2456775.561621743 7370.655 59.391 446.705
2456775.582053234 7925.083 59.871 447.154
2456775.602484925 7947.476 59.931 447.158
2456775.622916515 7924.764 59.899 447.135
2456775.643348007 7798.822 59.822 447.087
2456775.663779697 7663.396 59.788 447.054
2456775.684211289 7531.763 59.729 447.052
2456775.70464288 7550.784 59.728 447.049
2456775.725074471 7330.5 59.696 446.973
2456775.745506062 7184.851 59.652 446.963
2456775.765937753 7081.104 59.629 446.937
2456775.786369244 7015.078 59.589 446.911
2456775.806800836 7122.32 59.563 446.868
2456775.827232527 7178.994 59.525 446.828
2456775.847664118 7192.646 59.497 446.822
2456775.86809561 7250.555 59.459 446.771
2456775.888527301 7343.598 59.412 446.734
2456775.908958893 7354.824 59.374 446.711
2456775.929390384 7417.008 59.351 446.68
2456775.949822076 7457.298 59.304 446.64
2456775.970253667 7472.722 59.233 446.608
2456775.990685359 7493.271 59.191 446.574
2456776.011116851 7541.963 59.159 446.54
2456776.031548442 7550.43 59.129 446.515
2456776.051980034 7612.321 59.06 446.488
2456776.072411626 7349.266 59.554 446.893
2456776.092843218 7020.228 59.601 446.914
2456776.11327481 7126.493 59.557 446.872
2456776.133706402 7210.12 59.489 446.804
2456776.154137894 7282.149 59.422 446.748
2456776.174569586 7356.661 59.377 446.71
2456776.195001178 7395.104 59.348 446.671
2456776.21543277 7462.408 59.297 446.616
2456776.235864362 7463.879 59.246 446.593
2456776.256295955 7497.703 59.194 446.57
2456776.276727647 7527.648 59.154 446.546
2456776.297159139 7585.771 59.089 446.503
2456776.317590732 7978.854 59.875 447.165
2456776.338022424 7996.685 59.981 447.251
2456776.358454017 7997.903 59.951 447.194
2456776.378885509 7940.699 59.878 447.137
2456776.399317202 7857.537 59.848 447.1
2456776.419748794 7729.812 59.804 447.064
2456776.440180287 7540.327 59.737 447.041
2456776.46061198 7284.729 59.672 446.984
2456776.481043573 7152.484 59.641 446.939
2456776.501475265 7048.421 59.596 446.903
2456776.521906758 7109.836 59.545 446.872
2456776.542338351 7257.73 59.487 446.793
2456776.562770044 7286.196 59.443 446.752
2456776.583201537 7354.073 59.39 446.713
2456776.60363313 7442.125 59.341 446.666
2456776.624064824 7451.11 59.263 446.609
2456776.644496317 7481.898 59.211 446.578
2456776.66492791 7537.694 59.166 446.543
2456776.685359603 7581.287 59.104 446.509
2456776.705791097 7643.961 59.042 446.483
2456776.72622279 7763.111 58.991 446.461
2456776.746654383 7905.096 58.942 446.437
2456776.767085877 8050.772 58.864 446.384
2456776.78751757 8081.949 58.805 446.356
2456776.807949064 7439.056 59.442 446.793
2456776.828380657 7237.451 59.485 446.799
2456776.848812351 7326.405 59.41 446.726
2456776.869243845 7413.874 59.356 446.678
2456776.889675439 7455.926 59.301 446.63
2456776.910107133 7481.894 59.223 446.584
2456776.930538727 7530.818 59.162 446.547
2456776.950970221 7562.428 59.125 446.515
2456776.971401914 7612.172 59.067 446.494
2456776.991833509 7765.28 58.984 446.462
2456777.012265103 7949.947 58.933 446.427
2456777.032696697 8056.871 58.865 446.4
2456777.053128291 7649.091 59.708 447.027
2456777.073559985 7849.681 59.844 447.1
2456777.09399148 7659.874 59.785 447.052
2456777.114423074 7444.58 59.718 447.019
2456777.134854769 7154.106 59.647 446.945
2456777.155286264 7069.896 59.591 446.895
2456777.175717858 7139.052 59.542 446.851
2456777.196149553 7239.317 59.471 446.78
2456777.216581048 7325.013 59.403 446.717
2456777.237012742 7403.943 59.351 446.682
2456777.257444337 7446.891 59.306 446.629
2456777.277875832 7494.855 59.216 446.58
2456777.318739122 7938.862 59.883 447.139
2456777.339170717 7892.107 59.854 447.118
2456777.359602312 7797.167 59.817 447.094
2456777.380033907 7724.493 59.803 447.058
2456777.400465502 7622.554 59.779 447.032
2456777.420897098 7425.875 59.72 447.002
2456777.441328693 7293.586 59.679 446.977
2456777.461760289 7174.692 59.65 446.942
2456777.482191884 7028.858 59.605 446.913
2456777.50262348 7113.277 59.553 446.869
2456777.523055075 7169.047 59.52 446.846
2456777.543486671 7882.696 59.844 447.113
2456777.563918266 8027.997 59.971 447.208
2456777.584349962 7996.033 59.935 447.169
2456777.604781458 7965.178 59.896 447.146
2456777.625213054 7813.355 59.823 447.095
2456777.64564475 7706.551 59.801 447.046
2456777.666076246 7570.035 59.749 447.031
2456777.686507942 7339.871 59.687 446.989
2456777.706939538 7127.241 59.636 446.943
2456777.727371035 7080.353 59.592 446.899
2456777.747802731 7136.473 59.568 446.87
2456777.768234327 7256.172 59.5 446.799
2456777.788665824 7951.479 59.87 447.157
2456777.80909752 7958.323 59.902 447.147
2456777.829529117 7879.672 59.842 447.115
2456777.849960614 7755.844 59.802 447.056
2456777.87039231 7569.057 59.75 447.03
2456777.890823907 7392.531 59.705 446.988
2456777.911255504 7110.535 59.63 446.937
2456777.931687101 7134.455 59.585 446.883
2456777.952118698 7151.331 59.553 446.859
2456777.972550394 7257.189 59.481 446.791
2456777.992981992 7314.761 59.431 446.748
2456778.013413489 7379.784 59.384 446.709
2456778.033845186 7484.408 59.729 447.006
2456778.054276783 7568.664 59.742 447.038
2456778.074708281 7357.124 59.701 446.991
2456778.095139978 7231.166 59.661 446.964
2456778.115571576 7073.116 59.591 446.901
2456778.136003073 7183.831 59.559 446.857
2456778.156434771 7203.615 59.517 446.822
2456778.176866268 7330.114 59.447 446.746
2456778.197297966 7351.991 59.398 446.718
2456778.217729564 7422.476 59.35 446.671
2456778.238161062 7483.495 59.282 446.608
2456778.25859276 7495.258 59.236 446.584
2456778.279024358 7536.413 59.715 447.02
2456778.299455856 7468.729 59.727 447.016
2456778.319887554 7248.889 59.67 446.968
2456778.340319152 7034.608 59.616 446.919
2456778.360750651 7165.871 59.555 446.866
2456778.381182349 7265.373 59.5 446.801
2456778.401613947 7320.38 59.458 446.752
2456778.422045646 7395.028 59.396 446.706
2456778.442477145 7473.194 59.315 446.642
2456778.462908743 7472.562 59.284 446.618
2456778.483340442 7528.043 59.215 446.572
2456778.503771941 7581.246 59.145 446.526
2456778.52420354 7905.703 59.802 447.092
2456778.544635239 7946.982 59.886 447.13
2456778.565066838 7759.766 59.805 447.054
2456778.585498337 7491.455 59.725 447.028
2456778.605930036 7318.99 59.687 446.978
2456778.626361636 7101.778 59.603 446.893
2456778.646793235 7157.446 59.542 446.854
2456778.667224834 7245.954 59.503 446.807
2456778.687656434 7352.81 59.42 446.72
2456778.708088133 7423.157 59.366 446.68
2456778.728519633 7474.326 59.322 446.64
2456778.748951233 7516.2 59.234 446.581
2456778.769382932 7986.226 59.875 447.159
2456778.789814432 8009.098 59.955 447.18
2456778.810246032 7922.052 59.869 447.114
2456778.830677632 7778.855 59.819 447.066
2456778.851109232 7583.023 59.75 447.04
2456778.871540932 7221.451 59.662 446.956
2456778.891972432 7052.917 59.617 446.911
2456778.912404033 7150.218 59.557 446.854
2456778.932835733 7276.577 59.483 446.785
2456778.953267234 7333.515 59.43 446.728
2456778.973698834 7414.93 59.373 446.683
2456778.994130535 7481.504 59.296 446.616
2456779.014562035 7865.451 59.975 447.238
2456779.034993636 7837.361 60.087 447.355
2456779.055425337 8008.056 60.023 447.288
2456779.075856938 8083.626 59.991 447.227
2456779.096288539 8007.375 59.941 447.174
2456779.11672014 7862.003 59.855 447.097
2456779.137151741 7736.474 59.802 447.051
2456779.157583343 7450.74 59.722 447.004
2456779.178014944 7097.174 59.63 446.928
2456779.198446545 7141.818 59.586 446.872
2456779.218878247 7233.972 59.512 446.817
2456779.239309749 7341.8 59.44 446.733
2456779.280173052 7942.831 60.03 447.27
2456779.300604554 8039.944 59.997 447.266
2456779.321036255 8035.552 59.977 447.242
2456779.341467858 8048.251 59.964 447.199
2456779.36189936 8004.055 59.934 447.164
2456779.382331062 7966.894 59.906 447.125
2456779.402762664 7876.755 59.853 447.098
2456779.423194166 7781.441 59.813 447.067
2456779.443625869 7655.509 59.764 447.066
2456779.464057471 7482.185 59.726 447.01
2456779.484488974 7382.172 59.704 446.985
2456779.504920675 7307.911 59.683 446.959
2456779.525352178 7153.943 59.649 446.907
2456779.545783881 7117.267 59.596 446.895
2456779.566215484 7192.96 59.573 446.856
2456779.586647087 7220.409 59.512 446.827
2456779.60707869 7284.354 59.485 446.796
2456779.627510293 7388.595 59.46 446.736
2456779.647941897 7402.679 59.4 446.706
2456779.6683735 7442.002 59.37 446.676
2456779.688805103 7508.31 59.317 446.647
2456779.709236707 7504.679 59.274 446.606
2456779.72966831 7542.744 59.281 446.588
2456779.750099914 7528.301 59.722 447.007
2456779.770531618 7547.819 59.734 447.021
2456779.790963222 7402.028 59.709 446.989
2456779.811394725 7233.948 59.661 446.952
2456779.831826429 7147.015 59.638 446.91
2456779.852258034 7141.386 59.596 446.883
2456779.872689538 7227.534 59.548 446.838
2456779.893121242 7268.569 59.495 446.803
2456779.913552846 7303.494 59.469 446.777
2456779.933984351 7399.815 59.418 446.717
2456779.954416056 7472.187 59.416 446.685
2456779.97484766 7494.604 59.361 446.659
2456779.995279365 7994.979 59.906 447.178
2456780.01571087 8040.513 59.972 447.199
2456780.036142475 8028.795 59.957 447.183
2456780.05657418 7971.736 59.904 447.127
2456780.077005685 7916.058 59.86 447.111
2456780.09743729 7841.565 59.832 447.069
2456780.117868895 7621.46 59.785 447.003
2456780.1383005 7497.334 59.728 447.002
2456780.158732106 7336.234 59.684 446.965
2456780.179163811 7126.032 59.621 446.902
2456780.199595317 7157.745 59.583 446.87
2456780.220027023 7242.148 59.546 446.825
2456780.240458629 7107.118 59.622 446.905
2456780.260890135 7112.482 59.617 446.9
2456780.28132184 7210.342 59.549 446.845
2456780.301753446 7275.408 59.502 446.796
2456780.322184953 7342.288 59.459 446.748
2456780.342616659 7437.417 59.393 446.69
2456780.363048265 7487.195 59.352 446.657
2456780.383479772 7516.522 59.312 446.62
2456780.403911478 7554.365 59.236 446.572
2456780.424343085 7564.979 59.192 446.554
2456780.444774792 7608.783 59.15 446.531
2456780.465206299 7638.088 59.097 446.489
2456780.485637906 7341.216 59.594 446.877
2456780.506069613 7172.267 59.606 446.879
2456780.52650112 7275.674 59.533 446.818
2456780.546932727 7332.677 59.477 446.772
2456780.567364434 7435.929 59.398 446.699
2456780.587795942 7514.239 59.341 446.645
2456780.608227549 7518.095 59.303 446.621
2456780.628659257 7563.373 59.246 446.573
2456780.649090765 7592.69 59.184 446.552
2456780.669522472 7612.037 59.144 446.517
2456780.68995408 7663.773 59.082 446.48
2456780.710385688 7717.646 59.026 446.469
2456780.730817297 7540.762 59.69 446.983
2456780.751248905 7431.16 59.718 446.992
2456780.771680513 7229.954 59.664 446.948
2456780.792112121 7147.335 59.602 446.884
2456780.81254373 7265.927 59.552 446.826
2456780.832975338 7314.096 59.501 446.787
2456780.853406947 7390.737 59.427 446.73
2456780.873838556 7469.132 59.39 446.675
2456780.894270164 7514.715 59.327 446.637
2456780.914701774 7543.418 59.256 446.584
2456780.935133383 7571.95 59.209 446.548
2456780.955565092 7635.458 59.134 446.519
2456780.975996601 8042.308 59.892 447.16
2456780.99642821 8105.391 59.987 447.213
2456781.01685992 8008.629 59.911 447.14
2456781.037291429 7894.493 59.865 447.086
2456781.057723039 7786.162 59.819 447.045
2456781.078154749 7485.633 59.728 447.006
2456781.098586259 7326.81 59.691 446.963
2456781.119017969 7142.335 59.636 446.922
2456781.139449579 7199.97 59.588 446.859
2456781.159881089 7255.375 59.542 446.826
2456781.180312799 7367.651 59.475 446.762
2456781.20074441 7433.74 59.425 446.708
2456781.241607631 7443.94 59.733 446.961
2456781.262039242 7511.024 59.737 446.996
2456781.282470853 7383.269 59.702 446.974
2456781.302902463 7279.894 59.672 446.952
2456781.323334075 7222.126 59.66 446.937
2456781.343765785 7140.453 59.626 446.9
2456781.364197297 7188.073 59.598 446.87
2456781.384628908 7215.035 59.574 446.852
2456781.40506062 7286.434 59.524 446.816
2456781.425492231 7320.784 59.487 446.793
2456781.445923743 7371.266 59.47 446.747
2456781.466355455 7885.395 59.824 447.085
2456781.486786966 7919.002 59.886 447.098
2456781.507218678 7877.138 59.853 447.045
2456781.52765029 7703.206 59.774 447.043
2456781.548081902 7589.598 59.747 447.02
2456781.568513515 7356.777 59.697 446.975
2456781.588945127 7270.063 59.664 446.95
2456781.60937664 7179.192 59.648 446.918
2456781.629808352 7181.377 59.619 446.886
2456781.650239965 7213.511 59.591 446.863
2456781.670671478 7279.133 59.542 446.824
2456781.691103191 7321.9 59.501 446.795
2456781.711534804 7254.013 59.677 446.938
2456781.731966517 7195.177 59.651 446.91
2456781.75239803 7191.492 59.599 446.867
2456781.772829643 7241.186 59.567 446.837
2456781.793261357 7327.353 59.509 446.792
2456781.813692871 7362.526 59.48 446.77
2456781.834124484 7440.556 59.457 446.73
2456781.854556198 7473.027 59.396 446.688
2456781.874987712 7512.41 59.367 446.664
2456781.895419326 7547.101 59.309 446.627
2456781.91585104 7538.221 59.271 446.591
2456781.936282654 7566.412 59.25 446.563
2456781.956714269 7297.511 59.654 446.912
2456781.977145883 7234.549 59.664 446.931
2456781.997577498 7158.519 59.615 446.886
2456782.018009113 7274.832 59.549 446.832
2456782.038440727 7306.821 59.521 446.802
2456782.058872342 7380.48 59.457 446.738
2456782.079304057 7455.25 59.393 446.694
2456782.099735572 7541.952 59.344 446.653
2456782.120167187 7568.81 59.281 446.577
2456782.140598903 7580.617 59.225 446.556
2456782.161030419 7625.767 59.165 446.517
2456782.181462134 7687.692 59.091 446.493
2456782.20189375 7334.95 59.561 446.862
2456782.222325265 7253.971 59.588 446.846
2456782.242756981 7312.164 59.526 446.801
2456782.263188498 7396.719 59.475 446.75
2456782.283620114 7458.443 59.405 446.698
2456782.30405183 7526.774 59.356 446.654
2456782.324483347 7540.295 59.299 446.603
2456782.344915063 7591.359 59.22 446.556
2456782.365346679 7622.84 59.171 446.535
2456782.385778196 7665.139 59.12 446.492
2456782.406209913 7712.364 59.056 446.469
2456782.42664153 7856.632 59.004 446.451
2456782.447073147 7531.002 59.424 446.728
2456782.467504764 7403.644 59.469 446.746
2456782.487936382 7469.232 59.411 446.687
2456782.508367999 7544.641 59.335 446.629
2456782.528799617 7553.796 59.281 446.594
2456782.549231234 7590.481 59.223 446.565
2456782.569662952 7621.935 59.155 446.515
2456782.59009457 7662.361 59.104 446.494
2456782.610526088 7734.139 59.037 446.462
2456782.630957806 7880.533 58.995 446.444
2456782.651389425 8070.126 58.924 446.406
2456782.671820943 8173.437 58.856 446.37
2456782.692252662 7853.391 59.957 447.217
2456782.71268428 7819.774 60.105 447.337
2456782.733115799 8000.271 60.046 447.293
2456782.753547518 8043.412 59.999 447.251
2456782.773979137 8027.851 59.957 447.165
2456782.794410856 7969.14 59.908 447.116
2456782.814842375 7859.41 59.849 447.069
2456782.835273995 7641.264 59.763 447.029
2456782.855705714 7400.403 59.714 446.979
2456782.876137233 7159.641 59.648 446.912
2456782.896568753 7220.082 59.595 446.855
2456782.917000473 7309.874 59.521 446.798
2456782.937432093 7956.542 59.959 447.202
2456782.957863713 7771.615 60.14 447.373
2456782.978295333 7911.079 60.071 447.312
2456782.998726954 8047.957 60.007 447.261
2456783.019158674 8057.507 59.958 447.202
2456783.039590195 7949.22 59.891 447.108
2456783.060021815 7848.56 59.836 447.056
2456783.080453536 7497.024 59.734 446.994
2456783.100885157 7212.45 59.66 446.919
2456783.121316678 7216.359 59.597 446.862
2456783.141748399 7345.237 59.505 446.782
2456783.162180021 7417.675 59.438 446.717
2456783.203043264 7252.231 59.66 446.924
2456783.223474885 7230.436 59.663 446.931
2456783.243906607 7137.181 59.618 446.9
2456783.264338129 7178.95 59.571 446.868
2456783.284769751 7244.259 59.576 446.838
2456783.305201474 7353.348 59.533 446.795
2456783.325632996 7421.829 59.527 446.766
2456783.346064618 7435.71 59.483 446.741
2456783.366496341 7444.532 59.423 446.703
2456783.386927864 7480.22 59.39 446.683
2456783.407359586 7544.421 59.335 446.638
2456783.427791209 7226.775 59.622 446.885
2456783.448222732 7137.119 59.64 446.901
2456783.468654456 7245.675 59.586 446.85
2456783.489086079 7289.847 59.556 446.823
2456783.509517603 7365.895 59.495 446.78
2456783.529949326 7394.349 59.453 446.75
2456783.55038085 7432.737 59.444 446.719
2456783.570812574 7547.477 59.377 446.654
2456783.591244197 7572.738 59.357 446.627
2456783.611675722 7565.48 59.292 446.593
2456783.632107446 7593.101 59.237 446.557
2456783.65253907 7616.053 59.189 446.538
2456783.672970695 8013.642 59.877 447.131
2456783.693402319 8087.006 59.956 447.22
2456783.713833944 8029.212 59.965 447.162
2456783.734265569 7979.459 59.908 447.107
2456783.754697194 7913.014 59.865 447.079
2456783.775128819 7750.051 59.813 447.024
2456783.795560544 7525.33 59.737 447.0
2456783.81599217 7390.189 59.701 446.966
2456783.836423696 7167.526 59.648 446.897
2456783.856855421 7259.842 59.609 446.855
2456783.877287047 7293.011 59.549 446.824
2456783.897718573 7374.59 59.493 446.768
2456783.918150299 7977.69 60.0 447.243
2456783.938581925 8070.063 60.007 447.255
2456783.959013452 8051.899 59.984 447.218
2456783.979445178 8031.731 59.946 447.153
2456783.999876805 7945.95 59.883 447.107
2456784.020308531 7805.446 59.826 447.049
2456784.040740058 7627.224 59.759 447.02
2456784.061171685 7454.083 59.731 446.962
2456784.081603413 7299.676 59.686 446.934
2456784.10203494 7183.33 59.619 446.882
2456784.122466567 7251.026 59.569 446.842
2456784.142898295 7339.588 59.522 446.791
2456784.163329822 8005.621 59.97 447.209
2456784.18376145 8064.843 59.996 447.235
2456784.204193078 8041.719 59.945 447.164
2456784.224624706 7976.753 59.9 447.108
2456784.245056435 7903.516 59.863 447.058
2456784.265487963 7679.104 59.794 447.01
2456784.285919591 7466.96 59.725 446.98
2456784.30635132 7212.785 59.659 446.923
2456784.326782949 7187.646 59.6 446.871
2456784.347214478 7300.965 59.567 446.822
2456784.367646207 7399.092 59.491 446.754
2456784.388077836 7428.646 59.445 446.716
2456784.408509465 8027.354 59.918 447.167
2456784.428941095 8048.509 59.957 447.161
2456784.449372725 7972.827 59.907 447.113
2456784.469804454 7868.367 59.838 447.053
2456784.490235984 7624.857 59.76 447.025
2456784.510667614 7411.339 59.713 446.961
2456784.531099344 7154.502 59.646 446.905
2456784.551530875 7235.042 59.591 446.853
2456784.571962505 7314.268 59.523 446.81
2456784.592394236 7423.232 59.473 446.741
2456784.612825767 7478.58 59.432 446.7
2456784.633257497 7541.98 59.355 446.641
2456784.653689128 7677.58 59.769 447.026
2456784.674120659 7693.349 59.799 447.012
2456784.694552391 7402.095 59.713 446.973
2456784.714984022 7183.322 59.651 446.917
2456784.735415654 7248.964 59.588 446.841
2456784.755847286 7327.677 59.523 446.795
2456784.776278917 7431.68 59.458 446.726
2456784.796710549 7508.061 59.389 446.676
2456784.817142182 7561.171 59.338 446.629
2456784.837573814 7603.281 59.255 446.566
2456784.858005446 7614.53 59.186 446.526
2456784.878437079 7677.29 59.101 446.489
2456784.898868712 8000.012 59.835 447.094
2456784.919300344 7970.263 59.905 447.118
2456784.939731977 7835.035 59.833 447.049
2456784.960163611 7542.397 59.746 446.997
2456784.980595344 7299.807 59.684 446.944
2456785.001026877 7207.563 59.606 446.87
2456785.021458611 7285.906 59.565 446.823
2456785.041890244 7422.429 59.478 446.748
2456785.062321778 7474.729 59.41 446.691
2456785.082753513 7566.472 59.348 446.632
2456785.103185147 7566.146 59.268 446.584
2456785.123616681 7593.596 59.208 446.542
2456785.16448005 7875.579 59.78 447.061
2456785.184911585 7998.629 59.912 447.13
2456785.20534332 7934.52 59.882 447.076
2456785.225774955 7844.71 59.827 447.072
2456785.24620669 7669.975 59.783 447.012
2456785.266638225 7489.698 59.736 446.972
2456785.287069861 7256.943 59.667 446.935
2456785.307501596 7192.895 59.622 446.877
2456785.327933132 7221.913 59.58 446.855
2456785.348364768 7335.345 59.532 446.801
2456785.368796504 7434.604 59.487 446.751
2456785.38922804 8013.192 59.95 447.192
2456785.409659677 8067.134 59.969 447.18
2456785.430091413 8035.699 59.919 447.146
2456785.45052305 7882.593 59.861 447.072
2456785.470954687 7839.738 59.83 447.045
2456785.491386324 7662.958 59.779 447.001
2456785.511817961 7348.658 59.693 446.943
2456785.532249598 7193.918 59.652 446.902
2456785.552681236 7301.645 59.569 446.828
2456785.573112773 7353.492 59.525 446.792
2456785.593544511 7396.072 59.469 446.75
2456785.613976149 7496.913 59.398 446.679
2456785.634407787 7645.738 59.766 447.019
2456785.654839425 7745.962 59.821 447.012
2456785.675271064 7512.244 59.734 446.991
2456785.695702802 7336.011 59.694 446.946
2456785.716134341 7176.308 59.618 446.886
2456785.736565979 7277.822 59.589 446.839
2456785.756997718 7375.469 59.54 446.799
2456785.777429258 7429.587 59.468 446.743
2456785.797860897 7488.407 59.411 446.694
2456785.818292636 7552.143 59.352 446.638
2456785.838724175 7574.203 59.313 446.612
2456785.859155915 7565.989 59.271 446.575
2456785.879587555 8032.282 59.898 447.132
2456785.900019095 8038.309 59.954 447.164
2456785.920450835 7924.727 59.873 447.081
2456785.940882476 7786.454 59.811 447.043
2456785.961314116 7478.832 59.734 446.966
2456785.981745757 7288.348 59.681 446.921
2456786.002177398 7187.899 59.643 446.889
2456786.022609039 7329.187 59.552 446.814
2456786.04304068 7355.755 59.502 446.785
2456786.063472321 7462.373 59.467 446.735
2456786.083904062 7499.704 59.419 446.688
2456786.104335704 7569.371 59.362 446.65
2456786.124767246 8010.785 59.979 447.222
2456786.145198988 8045.938 60.008 447.248
2456786.16563063 8035.87 59.962 447.181
2456786.186062172 7946.475 59.888 447.093
2456786.206493914 7810.132 59.835 447.035
2456786.226925457 7482.611 59.73 446.986
2456786.247357199 7205.537 59.656 446.92
2456786.267788842 7251.249 59.597 446.856
2456786.288220386 7377.952 59.528 446.785
2456786.308652129 7450.98 59.476 446.742
2456786.329083772 7502.138 59.407 446.686
2456786.349515315 7544.32 59.364 446.65
2456786.369947059 7467.051 59.715 446.965
2456786.390378703 7349.244 59.697 446.951
2456786.410810247 7177.313 59.65 446.9
2456786.431241991 7298.117 59.562 446.823
2456786.451673635 7432.111 59.478 446.756
2456786.47210538 7505.849 59.421 446.682
2456786.492536924 7564.393 59.316 446.621
2456786.512968569 7592.345 59.261 446.562
2456786.533400314 7652.592 59.172 446.523
2456786.553831859 7681.799 59.096 446.47
2456786.574263504 7801.307 59.022 446.449
2456786.59469525 8063.241 58.938 446.408
2456786.615126895 7509.023 59.54 446.821
2456786.635558541 7330.375 59.549 446.809
2456786.655990187 7432.404 59.476 446.748
2456786.676421833 7535.971 59.402 446.675
2456786.696853479 7588.963 59.324 446.609
2456786.717285126 7599.502 59.255 446.571
2456786.737716772 7629.428 59.17 446.52
2456786.758148519 7659.744 59.123 446.481
2456786.778580065 7705.135 59.057 446.471
2456786.799011712 7905.226 58.999 446.43
2456786.81944336 8078.861 58.941 446.41
2456786.839875007 8385.002 58.869 446.37
2456786.860306755 9038.352 59.434 446.742
2456786.880738303 7328.914 59.584 446.846
2456786.90116995 7357.353 59.53 446.788
2456786.921601698 7453.077 59.456 446.713
2456786.942033247 7541.399 59.373 446.658
2456786.962464895 7567.213 59.311 446.602
2456786.982896643 7605.71 59.236 446.552
2456787.003328192 7652.086 59.143 446.499
2456787.023759841 7705.696 59.072 446.468
2456787.04419159 7935.485 58.987 446.431
2456787.064623139 8111.557 58.922 446.398
2456787.085054888 8186.431 58.845 446.351
2456787.125918188 8048.026 59.957 447.154
2456787.146349838 8019.592 59.914 447.128
2456787.166781487 7976.93 59.885 447.113
2456787.187213138 7892.653 59.861 447.071
2456787.207644788 7754.19 59.816 447.026
2456787.228076438 7692.779 59.806 446.997
2456787.248508189 7469.923 59.735 446.96
2456787.26893974 7341.622 59.699 446.913
2456787.289371391 7199.099 59.636 446.887
2456787.309803143 7271.437 59.589 446.847
2456787.330234794 7334.271 59.561 446.813
2456787.350666346 7694.879 59.78 447.032
2456787.371098097 7801.278 59.826 447.033
2456787.391529749 7667.403 59.765 447.02
2456787.411961301 7420.015 59.716 446.962
2456787.432393053 7250.485 59.667 446.92
2456787.452824706 7208.119 59.602 446.872
2456787.473256358 7277.336 59.588 446.834
2456787.493688011 7360.162 59.541 446.795
2456787.514119664 7415.08 59.494 446.757
2456787.534551417 7504.831 59.472 446.72
2456787.55498297 7556.933 59.399 446.664
2456787.575414624 7584.068 59.359 446.639
2456787.595846277 7268.861 59.604 446.859
2456787.616277931 7297.285 59.588 446.845
2456787.636709685 7316.637 59.545 446.821
2456787.657141239 7450.565 59.504 446.75
2456787.677572893 7471.525 59.454 446.715
2456787.698004648 7533.839 59.398 446.669
2456787.718436203 7582.185 59.342 446.63
2456787.738867857 7597.505 59.297 446.602
2456787.759299613 7602.807 59.25 446.548
2456787.779731167 7635.14 59.199 446.525
2456787.800162823 7684.708 59.125 446.49
2456787.820594579 7726.834 59.068 446.465
2456787.841026234 7452.147 59.573 446.845
2456787.86145789 7262.382 59.598 446.857
2456787.881889546 7347.517 59.56 446.813
2456787.902321202 7438.455 59.503 446.761
2456787.922752859 7500.083 59.445 446.705
2456787.943184515 7524.069 59.392 446.674
2456787.963616172 7595.282 59.328 446.62
2456787.984047929 7565.558 59.286 446.598
2456788.004479486 7615.354 59.223 446.536
2456788.024911143 7628.77 59.177 446.502
2456788.045342901 7693.499 59.101 446.475
2456788.065774458 7764.901 59.033 446.455
2456788.086206216 7715.293 59.733 446.997
2456788.106637874 7778.777 59.823 447.026
2456788.127069432 7552.368 59.746 446.992
2456788.147501191 7319.325 59.683 446.945
2456788.167932849 7208.159 59.621 446.875
2456788.188364408 7326.878 59.582 446.827
2456788.208796167 7456.892 59.512 446.754
2456788.229227726 7469.165 59.452 446.711
2456788.249659485 7562.278 59.39 446.661
2456788.270091145 7587.145 59.323 446.613
2456788.290522704 7594.422 59.271 446.577
2456788.310954464 7622.181 59.205 446.527
2456788.331386124 7498.399 59.494 446.756
2456788.351817784 7444.324 59.475 446.742
2456788.372249444 7510.407 59.414 446.683
2456788.392681105 7581.917 59.357 446.638
2456788.413112766 7597.319 59.29 446.578
2456788.433544427 7614.626 59.233 446.55
2456788.453976088 7649.459 59.182 446.523
2456788.474407849 7670.663 59.112 446.483
2456788.49483951 7721.657 59.068 446.459
2456788.515271072 7959.249 58.99 446.433
2456788.535702834 8106.428 58.936 446.408
2456788.556134495 8178.909 58.869 446.365
2456788.576566058 7668.611 59.492 446.792
2456788.59699782 7294.074 59.606 446.842
2456788.617429483 7389.205 59.525 446.782
2456788.637861245 7439.91 59.466 446.725
2456788.658292808 7555.12 59.379 446.661
2456788.678724471 7572.051 59.32 446.61
2456788.699156235 7607.784 59.24 446.565
2456788.719587798 7645.935 59.183 446.525
2456788.740019462 7700.6 59.102 446.486
2456788.760451226 7796.339 59.029 446.452
2456788.780882789 7977.152 58.984 446.435
2456788.801314454 8182.171 58.886 446.385
2456788.821746218 7670.806 59.505 446.803
2456788.842177783 7418.08 59.584 446.847
2456788.862609547 7458.273 59.477 446.737
2456788.883041112 7504.641 59.425 446.687
2456788.903472777 7577.182 59.328 446.608
2456788.923904542 7609.365 59.259 446.563
2456788.944336108 7643.853 59.173 446.517
2456788.964767774 7678.758 59.104 446.472
2456788.985199539 7772.287 59.035 446.45
2456789.005631206 8057.212 58.954 446.412
2456789.026062872 8168.373 58.884 446.378
2456789.046494538 8167.412 58.797 446.309
2456789.087357872 7352.941 59.701 446.931
2456789.107789539 7297.372 59.692 446.896
2456789.128221206 7203.861 59.634 446.885
2456789.148652973 7316.234 59.573 446.823
2456789.169084541 7329.169 59.543 446.807
2456789.189516209 7418.5 59.497 446.754
2456789.209947976 7455.437 59.466 446.724
2456789.230379545 7507.581 59.43 446.693
2456789.250811313 7591.915 59.377 446.64
2456789.271242981 7582.34 59.335 446.619
2456789.29167455 7601.839 59.261 446.582
2456789.312106319 7369.764 59.49 446.757
2456789.332537988 7393.738 59.528 446.785
2456789.352969558 7469.194 59.483 446.737
2456789.373401327 7513.518 59.448 446.696
2456789.393832996 7600.567 59.407 446.644
2456789.414264766 7586.545 59.349 446.618
2456789.434696336 7589.024 59.287 446.591
2456789.455128007 7603.07 59.244 446.551
2456789.475559777 7639.409 59.191 446.533
2456789.495991347 7664.689 59.152 446.497
2456789.516423018 7664.851 59.117 446.47
2456789.536854689 7757.593 59.042 446.45
2456789.55728636 7507.111 59.578 446.845
2456789.577718032 7310.799 59.686 446.922
2456789.598149703 7216.752 59.638 446.88
2456789.618581375 7264.73 59.585 446.844
2456789.639013147 7394.883 59.545 446.793
2456789.65944472 7477.62 59.508 446.743
2456789.679876392 7538.21 59.418 446.685
2456789.700308164 7571.991 59.381 446.653
2456789.720739837 7610.729 59.318 446.601
2456789.74117141 7614.582 59.261 446.565
2456789.761603183 7632.34 59.231 446.532
2456789.782034856 7673.726 59.134 446.5
2456789.80246643 7484.956 59.581 446.858
2456789.822898204 7238.98 59.629 446.873
2456789.843329878 7315.964 59.579 446.82
2456789.863761652 7373.517 59.519 446.791
2456789.884193226 7478.968 59.455 446.708
2456789.904624901 7563.894 59.424 446.671
2456789.925056675 7632.411 59.357 446.616
2456789.94548825 7605.974 59.29 446.58
2456789.965919925 7639.958 59.224 446.537
2456789.9863517 7656.691 59.171 446.511
2456790.006783276 7674.61 59.126 446.482
2456790.027215052 7745.483 59.053 446.454
2456790.047646728 7430.487 59.624 446.89
2456790.068078304 7430.989 59.725 446.967
2456790.08851008 7305.468 59.685 446.926
2456790.108941757 7226.092 59.648 446.882
2456790.129373333 7344.58 59.586 446.821
2456790.14980511 7401.505 59.543 446.784
2456790.170236787 7508.93 59.464 446.717
2456790.190668465 7525.317 59.428 446.685
2456790.211100142 7593.362 59.345 446.633
2456790.23153182 7606.793 59.31 446.581
2456790.251963498 7634.028 59.236 446.545
2456790.272395176 7651.041 59.166 446.501
2456790.292826854 7495.724 59.454 446.721
2456790.313258532 7479.756 59.452 446.704
2456790.333690211 7550.064 59.404 446.665
2456790.35412189 7602.479 59.35 446.619
2456790.374553669 7614.536 59.273 446.561
2456790.394985248 7628.897 59.213 446.538
2456790.415417028 7653.547 59.151 446.485
2456790.435848708 7687.618 59.095 446.469
2456790.456280288 7868.761 59.016 446.44
2456790.476712068 8056.86 58.957 446.413
2456790.497143748 8160.997 58.908 446.379
2456790.517575329 8179.465 58.846 446.329
2456790.538007109 7729.762 59.415 446.705
2456790.55843879 7402.666 59.534 446.776
2456790.578870571 7465.97 59.478 446.731
2456790.599302153 7568.824 59.394 446.655
2456790.619733834 7598.145 59.358 446.63
2456790.640165616 7625.89 59.279 446.572
2456790.660597198 7619.999 59.214 446.525
2456790.68102888 7651.02 59.157 446.503
2456790.701460662 7682.942 59.096 446.461
2456790.721892245 7739.741 59.046 446.448
2456790.742323928 8041.418 58.97 446.419
2456790.762755711 8102.202 58.933 446.389
2456790.783187394 7483.21 59.588 446.853
2456790.803619077 7418.682 59.719 446.945
2456790.824050761 7210.923 59.661 446.888
2456790.844482445 7310.878 59.589 446.834
2456790.864914129 7416.563 59.539 446.779
2456790.885345813 7508.775 59.463 446.717
2456790.905777398 7525.174 59.419 446.678
2456790.926209182 7601.681 59.349 446.611
2456790.946640867 7602.293 59.29 446.577
2456790.967072552 7636.729 59.205 446.529
2456790.987504237 7646.38 59.166 446.493
2456791.007935923 7694.423 59.099 446.468
2456791.048799295 7257.37 59.67 446.899
2456791.069230981 7343.555 59.58 446.818
2456791.089662767 7395.418 59.516 446.778
2456791.110094353 7514.355 59.465 446.72
2456791.13052604 7512.876 59.405 446.684
2456791.150957827 7636.811 59.371 446.632
2456791.171389414 7609.657 59.33 446.597
2456791.191821202 7625.37 59.301 446.567
2456791.212252889 7632.293 59.224 446.528
2456791.232684477 7610.034 59.21 446.507
2456791.253116265 7670.741 59.127 446.489
2456791.273547953 7616.968 59.462 446.735
2456791.293979541 7292.498 59.61 446.844
2456791.31441133 7331.8 59.565 446.816
2456791.334843019 7401.105 59.535 446.788
2456791.355274808 7488.976 59.491 446.739
2456791.375706397 7651.511 59.453 446.698
2456791.396138087 7584.999 59.403 446.654
2456791.416569876 7596.688 59.366 446.635
2456791.437001466 7590.457 59.307 446.606
2456791.457433156 7613.282 59.288 446.575
2456791.477864947 7626.714 59.23 446.537
2456791.498296637 7652.243 59.191 446.51
2456791.518728228 7491.205 59.609 446.863
2456791.539160019 7299.376 59.682 446.903
2456791.55959161 7272.094 59.642 446.87
2456791.580023401 7375.351 59.594 446.811
2456791.600455093 7393.225 59.536 446.794
2456791.620886685 7473.425 59.506 446.753
2456791.641318477 7488.595 59.445 446.71
2456791.661750169 7557.471 59.429 446.677
2456791.682181762 7628.023 59.388 446.633
2456791.702613554 7619.489 59.339 446.615
2456791.723045247 7621.355 59.288 446.567
2456791.74347704 7647.996 59.242 446.554
2456791.763908634 7413.211 59.552 446.802
2456791.784340328 7251.889 59.629 446.868
2456791.804772121 7347.349 59.609 446.827
2456791.825203715 7433.024 59.557 446.789
2456791.845635409 7457.035 59.517 446.769
2456791.866067204 7531.274 59.463 446.712
2456791.886498799 7550.94 59.432 446.682
2456791.906930493 7596.406 59.38 446.647
2456791.927362288 7640.63 59.35 446.615
2456791.947793884 7620.321 59.287 446.579
2456791.968225679 7630.057 59.254 446.548
2456791.988657375 7642.112 59.193 446.519
2456792.009089071 7451.916 59.592 446.851
2456792.029520767 7202.468 59.657 446.896
2456792.049952463 7340.61 59.608 446.831
2456792.07038416 7385.24 59.581 446.804
2456792.090815857 7470.031 59.52 446.751
2456792.111247554 7535.86 59.476 446.721
2456792.131679351 7555.024 59.423 446.678
2456792.152111049 7604.334 59.379 446.641
2456792.172542647 7616.437 59.35 446.616
2456792.192974444 7606.629 59.3 446.581
2456792.213406043 7620.181 59.251 446.55
2456792.233837741 7639.512 59.201 446.52
2456792.254269539 7466.442 59.594 446.856
2456792.274701138 7296.953 59.642 446.858
2456792.295132937 7376.205 59.581 446.807
2456792.315564637 7453.165 59.535 446.773
2456792.335996236 7492.905 59.485 446.73
2456792.356428036 7525.397 59.442 446.703
2456792.376859736 7592.009 59.384 446.647
2456792.397291336 7633.272 59.367 446.62
2456792.417723136 7668.755 59.295 446.573
2456792.438154837 7635.735 59.254 446.555
2456792.458586438 7633.203 59.194 446.514
2456792.479018239 7660.451 59.138 446.484
2456792.49944994 7502.993 59.544 446.794
2456792.519881742 7430.447 59.545 446.783
2456792.540313343 7464.655 59.499 446.744
2456792.560745045 7546.331 59.435 446.682
2456792.581176847 7588.601 59.393 446.65
2456792.60160845 7616.215 59.334 446.604
2456792.622040152 7605.305 59.278 446.569
2456792.642471955 7628.017 59.231 446.539
2456792.662903658 7646.522 59.182 446.505
2456792.683335362 7663.119 59.138 446.481
2456792.703767065 7715.609 59.072 446.447
2456792.724198769 7820.632 59.026 446.442
2456792.744630473 7861.642 59.77 447.024
2456792.765062177 8045.322 59.968 447.168
2456792.785493881 8013.518 59.93 447.112
2456792.805925586 7909.626 59.873 447.052
2456792.826357291 7766.032 59.825 447.0
2456792.846788996 7539.979 59.746 446.968
2456792.867220801 7336.24 59.697 446.921
2456792.887652407 7299.003 59.627 446.854
2456792.908084213 7350.701 59.575 446.812
2456792.928515819 7481.653 59.508 446.743
2456792.948947525 7538.364 59.453 446.698
2456792.969379331 7590.396 59.399 446.651
2456793.010242645 7298.291 59.634 446.859
2456793.030674452 7327.042 59.619 446.84
2456793.051106059 7375.981 59.577 446.806
2456793.071537867 7445.005 59.499 446.761
2456793.091969575 7523.713 59.469 446.722
2456793.112401183 7570.212 59.393 446.666
2456793.132832991 7605.193 59.388 446.64
2456793.1532647 7643.08 59.341 446.614
2456793.173696309 7612.107 59.312 446.57
2456793.194128118 7645.729 59.281 446.54
2456793.214559827 7644.642 59.207 446.522
2456793.234991536 7835.391 59.784 447.025
2456793.255423246 8017.711 59.933 447.119
2456793.275854956 7970.163 59.914 447.092
2456793.296286766 7884.908 59.848 447.04
2456793.316718377 7785.846 59.832 447.007
2456793.337150088 7618.403 59.79 446.963
2456793.357581898 7410.188 59.72 446.947
2456793.378013609 7345.362 59.691 446.921
2456793.398445221 7208.093 59.642 446.885
2456793.418877032 7323.014 59.62 446.846
2456793.439308744 7393.661 59.571 446.796
2456793.459740556 7435.348 59.55 446.781
2456793.480172168 7315.117 59.69 446.904
2456793.500603881 7321.6 59.697 446.905
2456793.521035694 7288.086 59.659 446.869
2456793.541467307 7323.565 59.609 446.842
2456793.56189892 7361.909 59.569 446.803
2456793.582330734 7469.007 59.515 446.761
2456793.602762447 7473.415 59.497 446.75
2456793.623194261 7610.114 59.452 446.673
2456793.643625875 7590.913 59.407 446.657
2456793.66405759 7629.898 59.359 446.624
2456793.684489404 7619.796 59.307 446.582
2456793.704921019 7621.457 59.249 446.555
2456793.725352734 7417.239 59.54 446.785
2456793.74578455 7368.355 59.576 446.808
2456793.766216165 7451.448 59.536 446.766
2456793.786647881 7492.683 59.498 446.738
2456793.807079697 7563.274 59.444 446.683
2456793.827511313 7566.772 59.408 446.66
2456793.847943129 7625.136 59.355 446.622
2456793.868374846 7611.337 59.313 446.587
2456793.888806563 7613.793 59.283 446.557
2456793.90923828 7628.729 59.22 446.523
2456793.929669998 7644.256 59.195 446.506
2456793.950101716 7662.015 59.135 446.483
2456793.970533433 7735.69 59.755 446.996
2456793.990965152 7890.248 59.861 447.042
2456794.01139697 7798.281 59.838 447.0
2456794.031828689 7638.776 59.775 446.982
2456794.052260308 7400.35 59.722 446.931
2456794.072692127 7292.643 59.685 446.907
2456794.093123846 7286.272 59.632 446.86
2456794.113555466 7346.069 59.601 446.825
2456794.133987286 7451.693 59.544 446.777
2456794.154419006 7470.217 59.501 446.742
2456794.174850726 7523.502 59.438 446.686
2456794.195282447 7821.432 59.391 446.649
2456794.215714068 7340.73 59.685 446.904
2456794.236145888 7303.829 59.691 446.898
2456794.25657761 7277.458 59.651 446.864
2456794.277009232 7379.782 59.587 446.808
2456794.297441053 7412.512 59.553 446.797
2456794.317872775 7518.671 59.466 446.717
2456794.338304398 7537.816 59.434 446.68
2456794.35873622 7630.53 59.396 446.636
2456794.379167943 7616.204 59.339 446.598
2456794.399599766 7625.048 59.29 446.564
2456794.420031389 7639.688 59.23 446.534
2456794.440463113 7632.315 59.196 446.508
2456794.460894936 7510.368 59.538 446.779
2456794.48132656 7416.926 59.556 446.786
2456794.501758284 7514.568 59.485 446.725
2456794.522190109 7548.519 59.437 446.686
2456794.542621834 7640.438 59.389 446.632
2456794.563053559 7617.6 59.333 446.596
2456794.583485284 7625.293 59.267 446.557
2456794.603917009 7629.094 59.204 446.517
2456794.624348735 7648.335 59.166 446.485
2456794.644780461 7679.829 59.103 446.461
2456794.665212187 7741.189 59.054 446.435
2456794.685644014 8008.824 58.983 446.412
2456794.70607564 7658.059 59.535 446.808
2456794.726507367 7366.166 59.586 446.808
2456794.746939194 7445.705 59.542 446.773
2456794.767370822 7504.523 59.48 446.727
2456794.78780265 7585.854 59.422 446.661
2456794.808234377 7613.533 59.365 446.624
2456794.828666006 7619.191 59.296 446.567
2456794.849097834 7627.998 59.24 446.533
2456794.869529462 7642.416 59.154 446.494
2456794.889961191 7691.007 59.119 446.467
2456794.910393021 7793.36 59.042 446.435
2456794.93082465 7983.024 58.986 446.409
2456794.97168821 7334.018 59.7 446.922
2456794.99211984 7249.891 59.673 446.9
2456795.01255167 7296.294 59.618 446.851
2456795.032983401 7370.119 59.598 446.816
2456795.053415132 7462.688 59.532 446.77
2456795.073846863 7524.807 59.514 446.738
2456795.094278594 7539.551 59.447 446.69
2456795.114710426 7567.917 59.409 446.673
2456795.135142058 7600.466 59.359 446.636
2456795.15557379 7623.784 59.333 446.599
2456795.176005622 7640.604 59.304 446.567
2456795.196437255 7473.648 59.616 446.853
2456795.216868988 7440.987 59.621 446.815
2456795.237300821 7492.504 59.564 446.776
2456795.257732554 7465.29 59.527 446.759
2456795.278164188 7547.143 59.465 446.703
2456795.298596022 7551.121 59.433 446.677
2456795.319027756 7618.8 59.387 446.638
2456795.339459591 7617.92 59.35 446.614
2456795.359891226 7614.875 59.312 446.582
2456795.38032296 7626.932 59.274 446.552
2456795.400754795 7653.753 59.237 446.533
2456795.421186431 7645.124 59.184 446.506
2456795.441618166 7422.271 59.673 446.909
2456795.462050003 7424.099 59.708 446.95
2456795.482481638 7338.724 59.702 446.913
2456795.502913475 7256.639 59.664 446.875
2456795.523345112 7341.969 59.636 446.837
2456795.543776849 7410.445 59.601 446.803
2456795.564208686 7477.576 59.557 446.777
2456795.584640324 7471.094 59.503 446.75
2456795.605072061 7545.107 59.459 446.694
2456795.625503899 7558.219 59.421 446.677
2456795.645935537 7646.09 59.37 446.624
2456795.666367376 7618.932 59.343 446.603
2456795.686799115 7324.932 59.672 446.87
2456795.707230854 7351.795 59.703 446.917
2456795.727662593 7250.107 59.666 446.888
2456795.748094332 7364.122 59.617 446.828
2456795.768526072 7388.963 59.594 446.814
2456795.788957812 7444.358 59.536 446.774
2456795.809389553 7502.387 59.515 446.742
2456795.829821293 7544.798 59.465 446.703
2456795.850253134 7566.854 59.435 446.679
2456795.870684775 7630.998 59.388 446.634
2456795.891116616 7627.64 59.349 446.607
2456795.911548358 7611.341 59.3 446.578
2456795.931979999 7705.577 59.771 446.981
2456795.952411842 7791.592 59.839 447.001
2456795.972843584 7507.531 59.746 446.963
2456795.993275227 7413.939 59.724 446.935
2456796.01370707 7244.377 59.66 446.884
2456796.034138813 7320.04 59.629 446.85
2456796.054570656 7386.247 59.586 446.809
2456796.0750023 7492.709 59.554 446.768
2456796.095434044 7542.503 59.499 446.724
2456796.115865788 7565.006 59.437 446.674
2456796.136297532 7630.231 59.393 446.642
2456796.156729277 7602.449 59.335 446.596
2456796.177161022 7344.441 59.63 446.851
2456796.197592767 7345.767 59.629 446.838
2456796.218024612 7398.828 59.583 446.806
2456796.238456258 7466.051 59.524 446.758
2456796.258888004 7526.482 59.47 446.712
2456796.279319851 7569.246 59.442 446.672
2456796.299751497 7616.346 59.378 446.622
2456796.320183244 7625.896 59.332 446.589
2456796.340615091 7652.028 59.272 446.551
2456796.361046738 7639.885 59.23 446.523
2456796.381478486 7638.606 59.164 446.504
2456796.401910333 7655.906 59.122 446.464
2456796.422342082 7871.876 59.8 447.023
2456796.44277383 7983.924 59.943 447.092
2456796.463205579 7946.223 59.903 447.06
2456796.483637328 7811.894 59.838 447.007
2456796.504069077 7635.547 59.799 446.97
2456796.524500826 7393.914 59.717 446.926
2456796.544932576 7325.262 59.691 446.898
2456796.565364426 7341.88 59.628 446.841
2456796.585796076 7383.409 59.582 446.804
2456796.606227926 7479.244 59.534 446.76
2456796.626659677 7527.761 59.488 446.716
2456796.647091328 7565.147 59.438 446.677
2456796.66752318 7428.504 59.723 446.939
2456796.687954931 7472.608 59.734 446.954
2456796.708386583 7290.057 59.688 446.894
2456796.728818435 7294.549 59.647 446.855
2456796.749250187 7399.202 59.589 446.804
2456796.76968194 7463.49 59.542 446.769
2456796.790113693 7515.61 59.486 446.719
2456796.810545446 7549.13 59.439 446.678
2456796.830977199 7635.487 59.391 446.633
2456796.851408953 7637.299 59.337 446.593
2456796.871840707 7630.389 59.284 446.56
2456796.892272461 7634.515 59.242 446.522
2456796.93313597 7387.833 59.581 446.8
2456796.953567726 7468.391 59.537 446.765
2456796.973999481 7536.598 59.468 446.715
2456796.994431336 7582.468 59.451 446.672
2456797.014862992 7627.848 59.401 446.63
2456797.035294748 7653.906 59.381 446.61
2456797.055726605 7684.028 59.342 446.581
2456797.076158361 7630.323 59.277 446.553
2456797.096590018 7618.533 59.243 446.53
2456797.117021875 7634.188 59.194 446.505
2456797.137453633 7652.948 59.174 446.493
2456797.15788539 7474.266 59.537 446.786
2456797.178317148 7534.772 59.75 446.958
2456797.198748907 7394.024 59.712 446.916
2456797.219180765 7321.621 59.692 446.896
2456797.239612424 7303.82 59.648 446.855
2456797.260044183 7316.433 59.625 446.846
2456797.280476043 7375.64 59.584 446.816
2456797.300907702 7445.986 59.564 446.782
2456797.321339562 7507.375 59.529 446.747
2456797.341771322 7552.298 59.484 446.709
2456797.362202982 7610.705 59.465 446.683
2456797.382634843 7642.66 59.406 446.65
2456797.403066604 7321.89 59.674 446.867
2456797.423498265 7262.99 59.656 446.875
2456797.443930127 7346.281 59.632 446.84
2456797.464361889 7387.041 59.588 446.806
2456797.484793751 7447.222 59.538 446.773
2456797.505225413 7551.195 59.522 446.731
2456797.525657076 7576.988 59.47 446.698
2456797.546088939 7586.753 59.427 446.664
2456797.566520702 7629.348 59.372 446.618
2456797.586952466 7635.044 59.34 446.595
2456797.607384229 7644.222 59.29 446.562
2456797.627815993 7651.89 59.273 446.542
2456797.648247757 7934.182 59.848 447.049
2456797.668679522 8007.453 59.943 447.132
2456797.689111287 7986.971 59.925 447.079
2456797.709543152 7903.759 59.87 447.033
2456797.729974917 7849.548 59.853 447.005
2456797.750406583 7696.54 59.812 446.975
2456797.770838449 7633.037 59.794 446.96
2456797.791270215 7439.754 59.73 446.922
2456797.811701882 7388.495 59.707 446.923
2456797.832133748 7290.084 59.666 446.867
2456797.852565515 7324.415 59.627 446.839
2456797.872997383 7396.401 59.572 446.794
2456797.89342905 7678.244 59.79 446.989
2456797.913860818 7763.172 59.829 446.979
2456797.934292686 7552.561 59.763 446.943
2456797.954724355 7405.351 59.723 446.923
2456797.975156123 7306.607 59.657 446.854
2456797.995587992 7368.413 59.616 446.824
2456798.016019662 7443.34 59.555 446.784
2456798.036451531 7515.54 59.525 446.743
2456798.056883301 7568.335 59.467 446.695
2456798.077314971 7604.093 59.41 446.646
2456798.097746842 7629.165 59.348 446.606
2456798.118178612 7619.043 59.293 446.551
2456798.138610283 7396.694 59.656 446.887
2456798.159042154 7296.252 59.678 446.868
2456798.179473826 7379.044 59.623 446.824
2456798.199905698 7477.361 59.555 446.772
2456798.22033747 7535.572 59.498 446.72
2456798.240769142 7588.538 59.413 446.654
2456798.261201015 7628.003 59.381 446.628
2456798.281632788 7646.25 59.344 446.581
2456798.302064561 7630.475 59.299 446.557
2456798.322496334 7630.201 59.27 446.537
2456798.342928108 7632.27 59.218 446.512
2456798.363359882 7635.976 59.19 446.502
2456798.383791656 7499.85 59.708 446.918
2456798.404223431 7531.444 59.758 446.949
2456798.424655306 7304.065 59.695 446.891
2456798.445087081 7300.671 59.656 446.863
2456798.465518756 7421.488 59.589 446.794
2456798.485950632 7512.377 59.549 446.753
2456798.506382408 7551.355 59.477 446.703
2456798.526814085 7596.336 59.435 446.669
2456798.547245961 7609.906 59.372 446.618
2456798.567677738 7623.012 59.331 446.587
2456798.588109615 7634.013 59.295 446.544
2456798.608541293 7637.502 59.222 446.519
2456798.628973071 7549.181 59.738 446.928
2456798.649404949 7719.079 59.816 446.979
2456798.669836627 7590.755 59.766 446.964
2456798.690268405 7309.674 59.693 446.895
2456798.710700284 7319.453 59.661 446.856
2456798.731131963 7400.789 59.581 446.796
2456798.751563843 7496.359 59.544 446.758
2456798.771995622 7550.796 59.479 446.703
2456798.792427302 7614.467 59.434 446.653
2456798.812859183 7660.948 59.37 446.616
2456798.833290863 7634.724 59.306 446.576
2456798.853722644 7620.546 59.263 446.528
2456798.894586207 7685.899 59.795 446.959
2456798.915017989 7543.082 59.766 446.948
2456798.935449871 7489.807 59.761 446.925
2456798.955881653 7329.158 59.695 446.9
2456798.976313435 7270.315 59.672 446.875
2456798.996745219 7344.587 59.64 446.843
2456799.017177002 7345.431 59.615 446.832
2456799.037608785 7467.942 59.578 446.787
2456799.058040569 7501.434 59.552 446.766
2456799.078472353 7507.292 59.51 446.726
2456799.098904237 7574.293 59.469 446.694
2456799.119335922 7446.95 59.726 446.931
2456799.139767807 7405.913 59.718 446.927
2456799.160199592 7336.632 59.694 446.907
2456799.180631278 7340.551 59.651 446.843
2456799.201063163 7386.854 59.632 446.821
2456799.221494949 7453.266 59.577 446.785
2456799.241926636 7513.751 59.558 446.758
2456799.262358523 7574.821 59.515 446.718
2456799.282790309 7567.713 59.486 446.709
2456799.303222197 7590.701 59.425 446.662
2456799.323653884 7640.489 59.401 446.636
2456799.344085672 7625.062 59.358 446.61
2456799.36451756 7324.883 59.647 446.86
2456799.384949248 7316.192 59.697 446.882
2456799.405381037 7364.921 59.659 446.845
2456799.425812926 7382.655 59.619 446.823
2456799.446244616 7482.342 59.564 446.774
2456799.466676505 7518.856 59.535 446.752
2456799.487108195 7558.538 59.472 446.707
2456799.507539985 7630.367 59.441 446.665
2456799.527971875 7662.572 59.415 446.633
2456799.548403566 7641.855 59.373 446.601
2456799.568835357 7639.78 59.319 446.576
2456799.589267249 7653.822 59.284 446.545
2456799.60969904 7415.619 59.605 446.815
2456799.630130732 7281.745 59.671 446.869
2456799.650562624 7332.329 59.645 446.846
2456799.670994417 7411.445 59.595 446.802
2456799.69142621 7475.389 59.57 446.779
2456799.711858003 7517.042 59.517 446.738
2456799.732289796 7577.46 59.489 446.704
2456799.75272169 7597.005 59.427 446.659
2456799.773153384 7643.564 59.392 446.628
2456799.793585178 7643.811 59.347 446.599
2456799.814017073 7662.924 59.318 446.561
2456799.834448768 7676.236 59.289 446.538
2456799.854880663 7558.608 59.726 446.937
2456799.875312458 7922.458 59.884 447.023
2456799.895744154 7759.345 59.837 446.975
2456799.91617605 7708.366 59.814 446.966
2456799.936607847 7443.176 59.729 446.921
2456799.957039543 7398.555 59.715 446.908
2456799.977471441 7304.069 59.659 446.858
2456799.997903238 7358.035 59.632 446.834
2456800.018335135 7486.51 59.591 446.818
2456800.038766833 7484.904 59.544 446.759
2456800.059198631 7534.154 59.51 446.722
2456800.07963043 7611.901 59.471 446.682
2456800.100062228 7519.443 59.746 446.933
2456800.120494028 7495.94 59.746 446.933
2456800.140925827 7389.579 59.718 446.911
2456800.161357626 7320.888 59.665 446.854
2456800.181789526 7345.998 59.637 446.844
2456800.202221227 7435.837 59.576 446.787
2456800.222653027 7523.788 59.564 446.758
2456800.243084928 7555.356 59.487 446.712
2456800.263516629 7603.161 59.454 446.664
2456800.283948431 7630.165 59.402 446.641
2456800.304380333 7650.766 59.362 446.597
2456800.324812135 7631.753 59.315 446.568
2456800.345243837 7453.765 59.673 446.887
2456800.365675739 7409.863 59.724 446.912
2456800.386107543 7322.479 59.673 446.863
2456800.406539446 7353.437 59.632 446.839
2456800.42697115 7457.644 59.586 446.787
2456800.447402953 7510.477 59.561 446.769
2456800.467834857 7570.597 59.493 446.705
2456800.488266562 7586.178 59.454 446.678
2456800.508698367 7633.631 59.39 446.623
2456800.529130272 7649.168 59.365 446.603
2456800.549561977 7654.409 59.316 446.553
2456800.569993883 7646.947 59.266 446.533
2456800.590425689 7563.896 59.501 446.718
2456800.610857395 7561.368 59.505 446.714
2456800.631289302 7588.857 59.45 446.668
2456800.651721109 7651.343 59.398 446.626
2456800.672152816 7647.631 59.356 446.598
2456800.692584724 7638.438 59.291 446.544
2456800.713016531 7636.271 59.247 446.519
2456800.73344834 7633.801 59.184 446.476
2456800.753880148 7639.643 59.145 446.457
2456800.774311957 7689.708 59.068 446.428
2456800.794743866 7871.314 59.019 446.414
2456800.815175575 8013.152 58.972 446.374
2456800.856039195 7281.131 59.685 446.868
2456800.876471005 7309.025 59.683 446.867
2456800.896902916 7401.224 59.665 446.833
2456800.917334727 7439.927 59.657 446.813
2456800.937766438 7453.854 59.614 446.797
2456800.958198349 7464.69 59.581 446.787
2456800.978630161 7483.929 59.558 446.773
2456800.999061873 7548.746 59.519 446.728
2456801.019493786 7573.271 59.486 446.704
2456801.039925599 7607.348 59.451 446.658
2456801.060357311 7638.179 59.432 446.646
2456801.080789225 7406.413 59.632 446.822
2456801.101221038 7321.473 59.656 446.853
2456801.121652952 7417.453 59.608 446.803
2456801.142084667 7427.504 59.58 446.792
2456801.162516481 7514.85 59.53 446.744
2456801.182948396 7554.056 59.515 446.726
2456801.203380111 7612.938 59.473 446.683
2456801.223811927 8368.007 59.449 446.654
2456801.244243843 166300.6 59.416 446.637
2456801.264675559 9974.629 59.288 446.632
2456801.285107475 7146.157 59.22 446.517
2456801.305539292 7619.972 59.297 446.552
2456801.325971009 7576.04 59.745 446.933
2456801.346402926 7930.141 59.87 447.01
2456801.366834744 7825.061 59.846 446.994
2456801.387266562 7630.655 59.773 446.979
2456801.40769838 7564.798 59.763 446.948
2456801.428130199 7451.433 59.743 446.9
2456801.448562018 7323.44 59.696 446.882
2456801.468993837 7346.519 59.666 446.848
2456801.489425656 7395.721 59.63 446.823
2456801.509857477 7492.833 59.591 446.817
2456801.530289297 7524.584 59.552 446.758
2456801.550721117 7596.509 59.496 446.709
2456801.571152938 7671.416 59.795 446.961
2456801.591584759 7759.441 59.832 446.962
2456801.612016681 7594.313 59.769 446.953
2456801.632448502 7460.391 59.744 446.93
2456801.652880224 7287.337 59.69 446.876
2456801.673312147 7337.851 59.669 446.858
2456801.693743969 7393.238 59.626 446.819
2456801.714175692 7544.667 59.609 446.814
2456801.734607616 7532.351 59.541 446.746
2456801.755039439 7565.737 59.509 446.718
2456801.775471163 7605.548 59.454 446.671
2456801.795903088 7642.445 59.418 446.638
2456801.816334912 7462.554 59.613 446.831
2456801.836766837 7447.344 59.604 446.794
2456801.857198562 7517.063 59.589 446.771
2456801.877630388 7550.986 59.542 446.742
2456801.898062313 7583.971 59.509 446.714
2456801.91849404 7631.479 59.449 446.659
2456801.938925866 7618.102 59.419 446.641
2456801.959357793 7646.428 59.363 446.593
2456801.97978952 7644.568 59.332 446.574
2456802.000221448 7640.2 59.277 446.533
2456802.020653275 7649.102 59.24 446.514
2456802.041085003 7649.59 59.18 446.479
2456802.061516932 7563.399 59.605 446.825
2456802.08194876 7369.774 59.662 446.845
2456802.102380489 7445.885 59.631 446.807
2456802.122812419 7502.366 59.591 446.778
2456802.143244248 7548.256 59.541 446.739
2456802.163676078 7567.251 59.515 446.726
2456802.184107909 7601.488 59.456 446.664
2456802.204539739 7630.985 59.422 446.643
2456802.22497157 7686.655 59.369 446.605
2456802.245403401 7664.305 59.354 446.575
2456802.265835233 7646.59 59.279 446.533
2456802.286267165 7670.807 59.257 446.52
2456802.306698897 7618.548 59.479 446.692
2456802.327130729 7573.619 59.499 446.705
2456802.347562662 7603.482 59.457 446.664
2456802.367994395 7643.939 59.422 446.641
2456802.388426329 7646.383 59.375 446.599
2456802.408858162 7657.288 59.331 446.568
2456802.429289897 7638.802 59.278 446.541
2456802.449721831 7648.919 59.247 446.514
2456802.470153666 7658.171 59.193 446.481
2456802.490585401 7629.67 59.149 446.454
2456802.511017337 7649.13 59.111 446.439
2456802.531449172 7737.469 59.052 446.421
2456802.551881108 7552.063 59.623 446.827
2456802.572312844 7301.929 59.685 446.864
2456802.592744681 7381.074 59.667 446.84
2456802.613176618 7471.596 59.613 446.793
2456802.633608356 7498.789 59.571 446.768
2456802.654040193 7540.148 59.519 446.729
2456802.674472131 7587.484 59.49 446.7
2456802.694903869 7648.922 59.438 446.653
2456802.715335808 7646.992 59.403 446.625
2456802.735767647 7664.133 59.363 446.591
2456802.756199386 7640.51 59.313 446.554
2456802.776631326 7665.52 59.271 446.526
2456802.817495006 7526.333 59.742 446.93
2456802.837926846 7669.189 59.79 446.958
2456802.858358688 7525.987 59.757 446.931
2456802.878790429 7342.901 59.7 446.891
2456802.89922237 7314.184 59.671 446.861
2456802.919654212 7392.826 59.624 446.82
2456802.940086154 7497.506 59.615 446.827
2456802.960517897 7481.021 59.555 446.767
2456802.980949739 7559.263 59.554 446.751
2456803.001381683 7608.315 59.515 446.708
2456803.021813427 7653.461 59.497 446.687
2456803.04224527 7889.811 59.847 447.045
2456803.062677214 7944.696 60.053 447.207
2456803.083108959 7938.797 60.026 447.178
2456803.103540903 8034.338 59.98 447.138
2456803.123972749 8029.893 59.957 447.097
2456803.144404494 8003.703 59.938 447.073
2456803.16483644 7942.734 59.911 447.042
2456803.185268286 7906.09 59.88 447.013
2456803.205700032 7850.679 59.862 446.987
2456803.226131979 7695.993 59.815 446.949
2456803.246563826 7604.839 59.793 446.926
2456803.266995774 7403.492 59.719 446.908
2456803.287427522 7351.829 59.706 446.881
2456803.30785937 7350.06 59.649 446.851
2456803.328291318 7416.475 59.638 446.821
2456803.348723067 7481.655 59.606 446.791
2456803.369154916 7508.552 59.574 446.771
2456803.389586865 7587.642 59.566 446.742
2456803.410018715 7582.525 59.519 446.718
2456803.430450565 7651.395 59.503 446.696
2456803.450882316 7624.526 59.447 446.659
2456803.471314166 7641.209 59.424 446.638
2456803.491746117 7671.018 59.384 446.605
2456803.512177969 7650.244 59.354 446.59
2456803.532609721 7340.563 59.684 446.88
2456803.553041672 7430.653 59.731 446.905
2456803.573473525 7346.503 59.701 446.857
2456803.593905278 7374.856 59.661 446.841
2456803.614337231 7440.08 59.614 446.795
2456803.634769084 7506.849 59.581 446.778
2456803.655201038 7575.379 59.538 446.731
2456803.675632792 7589.739 59.497 446.708
2456803.696064646 7651.299 59.469 446.67
2456803.716496601 7659.224 59.428 446.636
2456803.736928356 7647.694 59.384 446.596
2456803.757360211 7649.602 59.342 446.575
2456803.777792167 7700.292 59.788 446.96
2456803.798223923 7869.658 59.861 446.996
2456803.818655879 7783.548 59.837 446.977
2456803.839087736 7573.97 59.768 446.941
2456803.859519493 7443.065 59.736 446.917
2456803.879951451 7358.014 59.697 446.854
2456803.900383308 7351.942 59.662 446.844
2456803.920815066 7477.233 59.608 446.79
2456803.941247025 7503.894 59.579 446.774
2456803.961678883 7550.029 59.529 446.735
2456803.982110842 7611.415 59.501 446.704
2456804.002542602 7629.356 59.458 446.665
2456804.022974461 7384.574 59.661 446.831
2456804.043406322 7360.488 59.679 446.842
2456804.063838282 7443.599 59.642 446.811
2456804.084270043 7493.226 59.601 446.779
2456804.104701904 7546.808 59.55 446.746
2456804.125133765 7562.204 59.518 446.723
2456804.145565627 7620.163 59.478 446.683
2456804.165997589 7644.764 59.449 446.647
2456804.186429351 7653.052 59.398 446.61
2456804.206861314 7625.328 59.357 446.591
2456804.227293177 7630.954 59.299 446.549
2456804.247724941 7643.935 59.268 446.523
2456804.268156904 7585.949 59.758 446.932
2456804.288588768 7873.436 59.876 446.983
2456804.309020533 7635.801 59.785 446.951
2456804.329452497 7539.23 59.76 446.935
2456804.349884363 7363.233 59.704 446.874
2456804.370316328 7358.028 59.661 446.846
2456804.390748094 7454.543 59.613 446.797
2456804.41117996 7500.331 59.565 446.764
2456804.431611926 7597.088 59.526 446.718
2456804.452043694 7652.326 59.486 446.686
2456804.47247556 7642.582 59.43 446.638
2456804.492907528 7661.291 59.377 446.594
2456804.513339296 8014.706 59.975 447.144
2456804.533771264 8024.563 60.003 447.171
2456804.554203133 8015.117 59.968 447.131
2456804.574635001 7988.614 59.937 447.058
2456804.595066871 7949.754 59.907 447.023
2456804.61549874 7818.327 59.855 446.977
2456804.63593061 7728.116 59.825 446.958
2456804.65636248 7422.25 59.73 446.908
2456804.676794351 7389.48 59.716 446.879
2456804.697226222 7379.74 59.65 446.832
2456804.717658093 7454.367 59.628 446.803
2456804.738089964 7513.891 59.56 446.758
2456804.758521836 7580.107 59.53 446.73
2456804.778953709 7709.893 59.489 446.677
2456804.799385581 7636.449 59.438 446.646
2456804.819817554 7673.673 59.385 446.594
2456804.840249327 7651.429 59.336 446.568
2456804.860681201 7660.629 59.286 446.529
2456804.881113175 7638.895 59.242 446.506
2456804.901544949 7629.293 59.197 446.467
2456804.921976924 7632.122 59.134 446.449
2456804.942408799 7614.464 59.095 446.414
2456804.962840574 7796.698 59.037 446.408
2456804.98327255 7943.83 59.0 446.373
2456805.003704426 7584.407 59.679 446.878
2456805.024136202 7904.997 59.881 447.002
2456805.044568179 7724.123 59.828 446.952
2456805.065000056 7581.006 59.768 446.94
2456805.085432034 7362.729 59.71 446.893
2456805.105863811 7340.983 59.691 446.858
2456805.126295689 7439.614 59.636 446.801
2456805.146727668 7545.613 59.612 446.807
2456805.167159447 7561.587 59.547 446.734
2456805.187591326 7598.018 59.515 446.711
