Dates Flux Xpos Ypos
2456768.962217216 4783.213 544.309 10.753
2456768.982648807 4756.543 544.459 10.648
2456769.003080397 4762.015 544.461 10.654
2456769.023511988 4760.271 544.459 10.666
2456769.043943578 4774.084 544.469 10.65
2456769.064375169 4750.139 544.474 10.667
2456769.084806759 4767.718 544.477 10.674
2456769.105238449 4763.748 544.491 10.681
2456769.12567004 4772.75 544.495 10.688
2456769.14610153 4767.425 544.511 10.694
2456769.16653322 4746.945 544.509 10.704
2456769.18696471 4749.614 544.518 10.699
2456769.207396301 4741.93 544.518 10.704
2456769.227827991 4765.275 544.523 10.707
2456769.248259481 4745.592 544.52 10.705
2456769.268691071 4763.988 544.523 10.706
2456769.289122761 4752.21 544.537 10.714
2456769.309554251 4756.018 544.537 10.715
2456769.329985841 4757.594 544.544 10.731
2456769.350417531 4760.14 544.564 10.721
2456769.370849021 4763.868 544.573 10.739
2456769.391280711 4764.765 544.569 10.736
2456769.4117123 4786.729 544.569 10.742
2456769.43214379 4766.543 544.567 10.732
2456769.47300707 4712.147 544.392 10.822
2456769.493438659 4765.996 544.514 10.863
2456769.513870249 4756.325 544.494 10.895
2456769.534301839 4788.914 544.489 10.896
2456769.554733428 4775.024 544.5 10.893
2456769.575165118 4762.513 544.494 10.907
2456769.595596607 4777.095 544.524 10.902
2456769.616028297 4768.169 544.518 10.912
2456769.636459887 4760.709 544.518 10.915
2456769.656891376 4773.258 544.513 10.913
2456769.677323065 4787.15 544.519 10.924
2456769.697754655 4780.941 544.527 10.907
2456769.718186144 4769.687 544.53 10.913
2456769.738617833 4783.115 544.538 10.9
2456769.759049423 4786.333 544.559 10.921
2456769.779480912 4757.231 544.545 10.926
2456769.799912601 4778.402 544.544 10.916
2456769.82034419 4762.884 544.544 10.934
2456769.84077568 4779.146 544.565 10.92
2456769.861207369 4776.113 544.564 10.93
2456769.881638858 4786.238 544.562 10.932
2456769.902070547 4787.771 544.566 10.936
2456769.922502136 4784.471 544.564 10.948
2456769.942933625 4787.998 544.587 10.929
2456769.963365314 4775.854 544.593 10.953
2456769.983796903 4795.927 544.599 10.954
2456770.004228492 4795.11 544.606 10.956
2456770.024660081 4793.605 544.602 10.968
2456770.04509167 4804.318 544.616 10.969
2456770.065523259 4805.39 544.63 10.963
2456770.085954848 4817.207 544.646 10.976
2456770.106386437 4803.275 544.641 10.989
2456770.126818025 4806.371 544.658 10.996
2456770.147249714 4832.682 544.687 10.987
2456770.167681203 4821.299 544.705 10.993
2456770.188112892 4837.211 544.7 11.008
2456770.208544481 4830.423 544.708 11.015
2456770.228975969 4835.897 544.711 11.015
2456770.249407658 4849.127 544.732 11.018
2456770.269839247 4839.152 544.742 11.033
2456770.290270735 4854.187 544.736 11.052
2456770.310702424 4847.772 544.769 11.042
2456770.331134012 4858.446 544.794 11.036
2456770.351565501 4841.784 544.794 11.058
2456770.37199719 4856.196 544.803 11.059
2456770.392428778 4856.604 544.808 11.069
2456770.412860367 4873.118 544.814 11.078
2456770.433291955 4807.479 544.347 10.77
2456770.453723543 4828.065 544.289 10.734
2456770.474155232 4828.764 544.296 10.752
2456770.494586721 4830.655 544.308 10.753
2456770.515018309 4822.467 544.454 10.641
2456770.535449897 4846.073 544.465 10.654
2456770.555881485 4818.983 544.466 10.664
2456770.576313074 4834.869 544.485 10.662
2456770.596744662 4825.633 544.48 10.674
2456770.617176251 4854.69 544.478 10.675
2456770.637607839 4832.24 544.483 10.672
2456770.658039527 4843.614 544.489 10.684
2456770.678471015 4837.944 544.504 10.692
2456770.698902604 4854.733 544.498 10.685
2456770.719334292 4846.613 544.497 10.687
2456770.73976578 4849.258 544.503 10.686
2456770.760197468 4857.707 544.503 10.697
2456770.780629057 4849.116 544.502 10.689
2456770.801060544 4863.67 544.506 10.689
2456770.821492233 4863.253 544.502 10.692
2456770.841923821 4870.934 544.489 10.683
2456770.862355309 4860.744 544.507 10.687
2456770.882786997 4857.84 544.498 10.683
2456770.903218585 4881.813 544.492 10.693
2456770.923650073 4884.487 544.494 10.682
2456770.944081761 4866.032 544.492 10.675
2456770.964513349 4893.854 544.492 10.679
2456770.984944937 4874.515 544.488 10.68
2456771.005376525 4872.8 544.491 10.683
2456771.025808113 4872.569 544.491 10.682
2456771.046239801 4888.757 544.503 10.693
2456771.066671289 4889.246 544.516 10.696
2456771.087102877 4885.301 544.535 10.715
2456771.107534565 4892.77 544.557 10.734
2456771.127966153 4883.555 544.57 10.736
2456771.148397641 4876.041 544.585 10.744
2456771.168829329 4880.43 544.581 10.744
2456771.189260917 4889.554 544.581 10.742
2456771.209692405 4880.841 544.58 10.74
2456771.230124092 4895.795 544.575 10.741
2456771.25055558 4893.144 544.567 10.741
2456771.270987168 4890.66 544.551 10.724
2456771.291418856 4895.773 544.541 10.722
2456771.311850344 4886.533 544.534 10.719
2456771.332282031 4906.714 544.528 10.709
2456771.352713619 4885.873 544.533 10.711
2456771.373145107 4895.319 544.526 10.713
2456771.393576795 4925.051 544.518 10.701
2456771.434439871 4904.825 544.254 10.684
2456771.454871558 4911.649 544.269 10.713
2456771.475303146 4910.088 544.273 10.714
2456771.495734734 4917.103 544.262 10.733
2456771.516166321 4916.601 544.269 10.737
2456771.536597909 4912.349 544.282 10.743
2456771.557029497 4921.151 544.3 10.734
2456771.577461084 4916.728 544.296 10.747
2456771.597892672 4906.785 544.281 10.747
2456771.61832436 4932.96 544.281 10.749
2456771.638755947 4915.801 544.273 10.718
2456771.659187435 4914.849 544.273 10.726
2456771.679619123 4909.023 544.285 10.704
2456771.700050711 4925.663 544.267 10.709
2456771.720482198 4919.965 544.247 10.719
2456771.740913886 4924.678 544.241 10.713
2456771.761345474 4918.092 544.239 10.726
2456771.781776961 4929.825 544.238 10.7
2456771.802208649 4915.847 544.245 10.699
2456771.822640236 4929.649 544.232 10.709
2456771.843071724 4927.149 544.234 10.702
2456771.863503412 4912.439 544.234 10.706
2456771.883934999 4941.829 544.23 10.704
2456771.904366587 4923.575 544.235 10.686
2456771.924798174 4917.704 544.216 10.696
2456771.945229762 4920.964 544.22 10.693
2456771.96566135 4923.295 544.211 10.699
2456771.986092937 4914.299 544.21 10.696
2456772.006524525 4935.289 544.207 10.675
2456772.026956113 4941.246 544.199 10.688
2456772.0473877 4911.687 544.188 10.681
2456772.067819288 4921.44 544.181 10.677
2456772.088250875 4932.264 544.176 10.672
2456772.108682463 4929.416 544.177 10.661
2456772.129114151 4932.27 544.166 10.656
2456772.149545638 4931.755 544.153 10.661
2456772.169977226 4935.477 544.136 10.652
2456772.190408913 4914.626 544.117 10.63
2456772.210840501 4915.833 544.103 10.627
2456772.231271989 4918.955 544.083 10.624
2456772.251703676 4918.368 544.086 10.62
2456772.272135264 4949.44 544.09 10.597
2456772.292566751 4926.073 544.079 10.604
2456772.312998439 4936.233 544.059 10.604
2456772.333430026 4938.686 544.042 10.578
2456772.353861514 4892.571 544.023 10.578
2456772.374293202 4906.732 544.016 10.545
2456772.394724789 4875.769 544.402 10.829
2456772.415156477 4920.074 544.567 10.733
2456772.435587964 4904.248 544.554 10.728
2456772.456019552 4917.242 544.537 10.718
2456772.47645124 4916.336 544.514 10.697
2456772.496882727 4939.89 544.507 10.692
2456772.517314315 4926.446 544.492 10.698
2456772.537746002 4926.2 544.501 10.673
2456772.55817749 4952.298 544.493 10.679
2456772.578609078 4933.628 544.481 10.676
2456772.599040765 4931.78 544.478 10.668
2456772.619472253 4945.918 544.464 10.647
2456772.639903841 4942.035 544.314 10.743
2456772.660335529 4941.744 544.293 10.744
2456772.680767016 4931.808 544.262 10.717
2456772.701198704 4942.507 544.237 10.708
2456772.721630292 4943.455 544.224 10.695
2456772.742061779 4935.835 544.218 10.707
2456772.762493467 4933.737 544.204 10.675
2456772.782925054 4925.219 544.176 10.679
2456772.803356542 4948.731 544.164 10.666
2456772.82378823 4921.924 544.142 10.639
2456772.844219817 4919.35 544.121 10.628
2456772.864651305 4920.087 544.08 10.617
2456772.885082993 4931.574 544.052 10.585
2456772.905514581 4902.744 544.033 10.58
2456772.925946068 4899.964 544.026 10.562
2456772.946377756 4920.249 543.998 10.547
2456772.966809344 4924.992 543.96 10.53
2456772.987241032 4938.032 543.955 10.51
2456773.007672519 4920.442 543.923 10.486
2456773.028104107 4920.425 543.881 10.465
2456773.048535795 4918.207 543.842 10.43
2456773.068967283 4960.234 543.822 10.425
2456773.089398871 4944.909 543.805 10.414
2456773.109830559 4941.296 543.776 10.391
2456773.130262146 4872.851 544.351 10.799
2456773.150693634 4911.795 544.563 10.72
2456773.171125322 4916.262 544.529 10.707
2456773.19155691 4935.323 544.485 10.67
2456773.211988498 4937.917 544.468 10.651
2456773.232420086 4940.73 544.295 10.743
2456773.252851673 4926.991 544.276 10.721
2456773.273283261 4918.526 544.247 10.709
2456773.293714849 4930.979 544.226 10.698
2456773.314146437 4939.424 544.198 10.686
2456773.334578025 4939.372 544.158 10.66
2456773.355009613 4905.292 544.118 10.635
2456773.395872789 4924.949 544.221 10.706
2456773.416304377 4928.96 544.295 10.762
2456773.436735865 4925.927 544.281 10.719
2456773.457167553 4952.409 544.273 10.718
2456773.477599142 4951.871 544.232 10.707
2456773.49803083 4916.364 544.215 10.699
2456773.518462318 4925.496 544.185 10.698
2456773.538893905 4918.77 544.188 10.678
2456773.559325594 4944.321 544.175 10.659
2456773.579757082 4922.596 544.16 10.654
2456773.60018867 4902.45 544.129 10.615
2456773.620620358 4877.747 544.363 10.798
2456773.641051946 4916.656 544.607 10.964
2456773.661483434 4922.385 544.584 10.944
2456773.681915123 4915.854 544.561 10.958
2456773.702346711 4933.112 544.557 10.915
2456773.722778199 4922.849 544.529 10.902
2456773.743209887 4943.11 544.492 10.889
2456773.763641476 4931.643 544.493 10.893
2456773.784073064 4929.473 544.617 10.821
2456773.804504653 4911.345 544.596 10.726
2456773.824936241 4927.909 544.566 10.728
2456773.845367929 4909.985 544.54 10.709
2456773.865799418 4910.113 544.512 10.692
2456773.886231006 4914.261 544.493 10.677
2456773.906662694 4933.836 544.493 10.656
2456773.927094183 4940.025 544.321 10.769
2456773.947525771 4937.779 544.31 10.745
2456773.96795746 4927.607 544.286 10.743
2456773.988388948 4939.521 544.239 10.716
2456774.008820637 4927.316 544.231 10.681
2456774.029252125 4926.221 544.212 10.68
2456774.049683714 4940.122 544.181 10.67
2456774.070115402 4941.791 544.14 10.653
2456774.090546891 4914.556 544.112 10.623
2456774.110978479 4865.206 544.649 10.971
2456774.131410168 4948.961 544.685 10.997
2456774.151841657 4933.83 544.649 10.986
2456774.172273246 4952.429 544.63 10.972
2456774.192704934 4943.491 544.61 10.942
2456774.213136523 4922.812 544.556 10.911
2456774.233568012 4930.884 544.503 10.891
2456774.253999701 4912.935 544.627 10.826
2456774.27443129 4909.933 544.583 10.741
2456774.294862878 4903.772 544.571 10.726
2456774.315294467 4913.875 544.534 10.701
2456774.335726056 4924.284 544.489 10.675
2456774.356157745 4924.176 544.464 10.648
2456774.376589234 4938.951 544.31 10.74
2456774.397020823 4949.336 544.28 10.725
2456774.417452512 4925.061 544.238 10.714
2456774.437884001 4914.474 544.193 10.668
2456774.45831559 4935.459 544.153 10.654
2456774.478747279 4908.433 544.115 10.641
2456774.499178768 4914.458 544.095 10.614
2456774.519610457 4928.742 544.069 10.587
2456774.540042046 4912.622 544.012 10.548
2456774.560473535 4916.922 543.96 10.518
2456774.580905225 4899.369 543.926 10.491
2456774.601336814 4901.378 544.211 10.693
2456774.621768303 4908.928 544.219 10.695
2456774.642199992 4937.76 544.174 10.662
2456774.662631582 4933.446 544.127 10.644
2456774.683063171 4923.048 544.089 10.608
2456774.70349476 4918.683 544.043 10.586
2456774.72392635 4909.087 544.007 10.547
2456774.744357839 4905.042 543.947 10.513
2456774.764789529 4903.935 543.886 10.46
2456774.785221118 4919.462 543.855 10.434
2456774.805652708 4916.071 543.806 10.412
2456774.826084297 4939.274 543.751 10.376
2456774.846515887 4890.129 544.25 10.695
2456774.866947576 4921.41 544.288 10.735
2456774.887379066 4910.261 544.233 10.706
2456774.907810656 4918.878 544.194 10.681
2456774.928242345 4909.532 544.144 10.644
2456774.948673835 4901.636 544.071 10.605
2456774.969105425 4886.558 544.032 10.572
2456774.989537115 4899.307 543.985 10.533
2456775.009968604 4891.311 543.936 10.495
2456775.030400294 4912.637 543.861 10.448
2456775.050831884 4891.375 543.8 10.411
2456775.071263374 4876.861 543.751 10.37
2456775.091695064 4841.338 544.213 10.692
2456775.112126654 4881.604 544.231 10.692
2456775.132558144 4885.522 544.172 10.662
2456775.152989834 4867.037 544.109 10.633
2456775.173421424 4851.808 544.06 10.591
2456775.193853015 4869.523 544.001 10.542
2456775.214284604 4844.058 543.912 10.483
2456775.234716195 4857.409 543.855 10.437
2456775.255147885 4866.592 543.794 10.404
2456775.275579375 4864.193 543.736 10.361
2456775.296010965 4858.792 543.661 10.311
2456775.316442656 4856.862 543.616 10.264
2456775.357305737 4822.179 544.25 10.683
2456775.377737427 4833.223 544.259 10.705
2456775.398168918 4852.013 544.227 10.703
2456775.418600508 4848.111 544.212 10.694
2456775.439032199 4834.954 544.189 10.679
2456775.459463689 4850.071 544.174 10.663
2456775.47989528 4848.965 544.136 10.645
2456775.500326971 4836.23 544.098 10.626
2456775.520758461 4823.097 544.078 10.622
2456775.541190152 4800.303 544.049 10.593
2456775.561621743 4830.706 544.015 10.547
2456775.582053234 4782.708 544.405 10.818
2456775.602484925 4811.694 544.57 10.709
2456775.622916515 4818.941 544.546 10.697
2456775.643348007 4806.859 544.49 10.672
2456775.663779697 4823.398 544.462 10.65
2456775.684211289 4831.375 544.299 10.751
2456775.70464288 4832.794 544.298 10.752
2456775.725074471 4880.946 544.275 10.692
2456775.745506062 4835.081 544.238 10.703
2456775.765937753 4831.491 544.218 10.689
2456775.786369244 4808.325 544.183 10.682
2456775.806800836 4800.451 544.164 10.648
2456775.827232527 4809.426 544.131 10.626
2456775.847664118 4811.851 544.108 10.628
2456775.86809561 4792.76 544.076 10.602
2456775.888527301 4794.625 544.034 10.57
2456775.908958893 4789.78 543.999 10.556
2456775.929390384 4796.348 543.978 10.527
2456775.949822076 4778.616 543.935 10.493
2456775.970253667 4800.343 543.873 10.467
2456775.990685359 4799.153 543.834 10.437
2456776.011116851 4822.652 543.806 10.4
2456776.031548442 4812.895 543.778 10.373
2456776.051980034 4808.536 543.717 10.341
2456776.072411626 4728.931 544.137 10.633
2456776.092843218 4777.638 544.194 10.68
2456776.11327481 4810.905 544.158 10.655
2456776.133706402 4796.703 544.101 10.612
2456776.154137894 4775.74 544.042 10.585
2456776.174569586 4775.018 544.001 10.554
2456776.195001178 4759.114 543.975 10.519
2456776.21543277 4775.19 543.929 10.469
2456776.235864362 4785.509 543.883 10.453
2456776.256295955 4795.865 543.838 10.431
2456776.276727647 4792.4 543.8 10.408
2456776.297159139 4799.775 543.743 10.36
2456776.317590732 4686.957 544.4 10.817
2456776.338022424 4789.73 544.501 10.875
2456776.358454017 4771.38 544.584 10.733
2456776.378885509 4762.237 544.528 10.706
2456776.399317202 4774.086 544.506 10.68
2456776.419748794 4788.406 544.475 10.654
2456776.440180287 4790.472 544.307 10.738
2456776.46061198 4756.964 544.253 10.711
2456776.481043573 4795.976 544.228 10.685
2456776.501475265 4792.065 544.19 10.671
2456776.521906758 4775.009 544.148 10.657
2456776.542338351 4759.767 544.099 10.601
2456776.562770044 4765.443 544.062 10.585
2456776.583201537 4761.817 544.014 10.555
2456776.60363313 4795.567 543.969 10.514
2456776.624064824 4775.347 543.897 10.466
2456776.644496317 4773.951 543.853 10.438
2456776.66492791 4780.607 543.813 10.403
2456776.685359603 4790.051 543.757 10.366
2456776.705791097 4814.467 543.701 10.331
2456776.72622279 4793.303 543.658 10.296
2456776.746654383 4776.988 543.619 10.267
2456776.767085877 4765.002 543.562 10.192
2456776.78751757 4770.285 543.522 10.157
2456776.807949064 4729.225 544.059 10.601
2456776.828380657 4760.755 544.098 10.609
2456776.848812351 4770.924 544.033 10.564
2456776.869243845 4782.081 543.983 10.523
2456776.889675439 4777.271 543.932 10.482
2456776.910107133 4774.748 543.865 10.441
2456776.930538727 4794.085 543.809 10.407
2456776.950970221 4780.484 543.775 10.375
2456776.971401914 4785.804 543.723 10.347
2456776.991833509 4772.995 543.652 10.297
2456777.012265103 4808.49 543.612 10.252
2456777.032696697 4779.309 543.563 10.215
2456777.053128291 4690.864 544.262 10.709
2456777.073559985 4774.706 544.506 10.677
2456777.09399148 4793.934 544.461 10.645
2456777.114423074 4780.903 544.292 10.721
2456777.134854769 4813.237 544.235 10.688
2456777.155286264 4790.418 544.186 10.669
2456777.175717858 4803.619 544.147 10.644
2456777.196149553 4788.016 544.087 10.609
2456777.216581048 4808.448 544.027 10.557
2456777.237012742 4805.934 543.979 10.53
2456777.257444337 4790.928 543.937 10.483
2456777.277875832 4794.408 543.858 10.438
2456777.318739122 4803.934 544.533 10.704
2456777.339170717 4806.076 544.51 10.691
2456777.359602312 4811.025 544.485 10.675
2456777.380033907 4806.404 544.476 10.647
2456777.400465502 4807.816 544.457 10.629
2456777.420897098 4829.398 544.295 10.708
2456777.441328693 4837.674 544.261 10.701
2456777.461760289 4842.332 544.236 10.681
2456777.482191884 4838.16 544.199 10.677
2456777.50262348 4843.698 544.154 10.658
2456777.523055075 4833.993 544.127 10.641
2456777.543486671 4784.508 544.387 10.794
2456777.563918266 4812.851 544.601 10.735
2456777.584349962 4803.031 544.573 10.717
2456777.604781458 4825.814 544.542 10.706
2456777.625213054 4836.89 544.489 10.672
2456777.64564475 4826.201 544.474 10.638
2456777.666076246 4841.325 544.318 10.724
2456777.686507942 4850.956 544.266 10.709
2456777.706939538 4848.343 544.224 10.69
2456777.727371035 4834.388 544.186 10.67
2456777.747802731 4849.64 544.167 10.653
2456777.768234327 4845.562 544.111 10.603
2456777.788665824 4813.453 544.407 10.819
2456777.80909752 4842.58 544.547 10.706
2456777.829529117 4860.424 544.501 10.69
2456777.849960614 4860.578 544.474 10.65
2456777.87039231 4871.33 544.319 10.723
2456777.890823907 4878.404 544.282 10.702
2456777.911255504 4885.184 544.219 10.69
2456777.931687101 4856.728 544.18 10.658
2456777.952118698 4880.83 544.156 10.646
2456777.972550394 4860.307 544.094 10.602
2456777.992981992 4855.388 544.051 10.583
2456778.013413489 4867.988 544.008 10.552
2456778.033845186 4861.441 544.294 10.708
2456778.054276783 4860.225 544.312 10.734
2456778.074708281 4891.556 544.278 10.706
2456778.095139978 4879.74 544.245 10.702
2456778.115571576 4899.906 544.185 10.673
2456778.136003073 4867.896 544.161 10.64
2456778.156434771 4903.259 544.124 10.623
2456778.176866268 4875.518 544.066 10.578
2456778.197297966 4894.983 544.021 10.56
2456778.217729564 4889.531 543.977 10.52
2456778.238161062 4873.191 543.915 10.462
2456778.25859276 4890.959 543.878 10.44
2456778.279024358 4871.823 544.279 10.721
2456778.299455856 4908.571 544.299 10.72
2456778.319887554 4923.676 544.253 10.7
2456778.340319152 4888.031 544.206 10.68
2456778.360750651 4891.402 544.157 10.651
2456778.381182349 4890.435 544.11 10.608
2456778.401613947 4882.753 544.076 10.584
2456778.422045646 4918.864 544.02 10.548
2456778.442477145 4903.742 543.945 10.495
2456778.462908743 4909.137 543.917 10.475
2456778.483340442 4909.134 543.857 10.429
2456778.503771941 4933.604 543.793 10.385
2456778.52420354 4871.224 544.345 10.764
2456778.544635239 4897.846 544.536 10.697
2456778.565066838 4905.568 544.477 10.647
2456778.585498337 4931.977 544.296 10.73
2456778.605930036 4918.064 544.267 10.702
2456778.626361636 4908.934 544.197 10.665
2456778.646793235 4907.877 544.145 10.647
2456778.667224834 4895.332 544.113 10.616
2456778.687656434 4895.802 544.041 10.56
2456778.708088133 4896.181 543.992 10.528
2456778.728519633 4907.35 543.951 10.492
2456778.748951233 4902.447 543.874 10.437
2456778.769382932 4836.448 544.404 10.815
2456778.789814432 4906.04 544.589 10.716
2456778.810246032 4899.979 544.522 10.686
2456778.830677632 4911.144 544.488 10.654
2456778.851109232 4915.665 544.318 10.734
2456778.871540932 4920.216 544.245 10.694
2456778.891972432 4900.062 544.209 10.676
2456778.912404033 4917.921 544.157 10.648
2456778.932835733 4900.738 544.096 10.599
2456778.953267234 4914.833 544.05 10.566
2456778.973698834 4906.274 543.998 10.53
2456778.994130535 4910.463 543.927 10.471
2456779.014562035 4783.872 544.505 10.863
2456779.034993636 4920.985 544.606 10.938
2456779.055425337 4924.371 544.54 10.897
2456779.075856938 4921.31 544.634 10.804
2456779.096288539 4916.446 544.578 10.721
2456779.11672014 4916.889 544.515 10.675
2456779.137151741 4920.917 544.475 10.645
2456779.157583343 4927.565 544.295 10.711
2456779.178014944 4926.321 544.22 10.684
2456779.198446545 4922.513 544.183 10.654
2456779.218878247 4907.927 544.12 10.623
2456779.239309749 4917.909 544.06 10.57
2456779.280173052 4927.851 544.552 10.877
2456779.300604554 4926.376 544.515 10.884
2456779.321036255 4919.481 544.497 10.864
2456779.341467858 4904.078 544.595 10.729
2456779.36189936 4917.301 544.574 10.71
2456779.382331062 4927.37 544.552 10.685
2456779.402762664 4925.518 544.514 10.675
2456779.423194166 4926.886 544.483 10.656
2456779.443625869 4921.533 544.328 10.754
2456779.464057471 4903.298 544.299 10.714
2456779.484488974 4941.721 544.281 10.702
2456779.504920675 4949.41 544.264 10.686
2456779.525352178 4884.747 544.237 10.657
2456779.545783881 4913.163 544.189 10.665
2456779.566215484 4913.708 544.171 10.641
2456779.586647087 4909.21 544.119 10.625
2456779.60707869 4909.236 544.096 10.605
2456779.627510293 4909.468 544.077 10.561
2456779.647941897 4877.796 544.024 10.546
2456779.6683735 4888.468 543.996 10.52
2456779.688805103 4905.328 543.947 10.496
2456779.709236707 4922.839 543.908 10.458
2456779.72966831 4913.681 543.915 10.438
2456779.750099914 4898.917 544.286 10.709
2456779.770531618 4911.292 544.305 10.723
2456779.790963222 4932.53 544.285 10.703
2456779.811394725 4907.743 544.245 10.69
2456779.831826429 4923.494 544.228 10.663
2456779.852258034 4906.49 544.19 10.657
2456779.872689538 4899.567 544.151 10.627
2456779.893121242 4889.215 544.105 10.609
2456779.913552846 4905.809 544.084 10.603
2456779.933984351 4896.532 544.038 10.549
2456779.954416056 4895.301 544.038 10.518
2456779.97484766 4884.297 543.991 10.5
2456779.995279365 4848.357 544.436 10.827
2456780.01571087 4880.0 544.602 10.723
2456780.036142475 4900.607 544.591 10.716
2456780.05657418 4905.14 544.551 10.687
2456780.077005685 4902.362 544.52 10.683
2456780.09743729 4913.837 544.5 10.654
2456780.117868895 4912.829 544.465 10.605
2456780.1383005 4926.841 544.302 10.705
2456780.158732106 4906.992 544.266 10.691
2456780.179163811 4914.945 544.212 10.661
2456780.199595317 4912.037 544.18 10.649
2456780.220027023 4910.585 544.151 10.617
2456780.240458629 4886.277 544.211 10.66
2456780.260890135 4906.741 544.21 10.664
2456780.28132184 4874.962 544.152 10.634
2456780.301753446 4890.889 544.113 10.603
2456780.322184953 4901.958 544.077 10.577
2456780.342616659 4881.545 544.018 10.53
2456780.363048265 4893.867 543.98 10.501
2456780.383479772 4913.954 543.943 10.468
2456780.403911478 4887.191 543.877 10.421
2456780.424343085 4907.009 543.837 10.406
2456780.444774792 4914.982 543.799 10.382
2456780.465206299 4922.974 543.751 10.333
2456780.485637906 4874.417 544.182 10.623
2456780.506069613 4877.454 544.2 10.648
2456780.52650112 4905.051 544.139 10.614
2456780.546932727 4922.143 544.092 10.584
2456780.567364434 4857.286 544.022 10.537
2456780.587795942 4893.888 543.97 10.49
2456780.608227549 4905.837 543.935 10.47
2456780.628659257 4894.777 543.884 10.425
2456780.649090765 4909.146 543.829 10.403
2456780.669522472 4894.263 543.794 10.364
2456780.68995408 4915.863 543.738 10.32
2456780.710385688 4925.262 543.69 10.299
2456780.730817297 4858.202 544.258 10.68
2456780.751248905 4931.608 544.294 10.699
2456780.771680513 4901.885 544.249 10.685
2456780.792112121 4909.665 544.196 10.656
2456780.81254373 4896.183 544.156 10.617
2456780.832975338 4896.02 544.112 10.595
2456780.853406947 4894.254 544.049 10.566
2456780.873838556 4918.469 544.016 10.514
2456780.894270164 4893.952 543.956 10.484
2456780.914701774 4924.262 543.892 10.436
2456780.935133383 4912.62 543.853 10.398
2456780.955565092 4927.853 543.784 10.37
2456780.975996601 4840.076 544.42 10.801
2456780.99642821 4899.542 544.632 10.788
2456781.01685992 4949.889 544.556 10.696
2456781.037291429 4909.226 544.526 10.66
2456781.057723039 4926.857 544.491 10.634
2456781.078154749 4931.571 544.302 10.71
2456781.098586259 4911.629 544.272 10.685
2456781.119017969 4928.381 544.226 10.675
2456781.139449579 4927.953 544.185 10.64
2456781.159881089 4886.52 544.147 10.622
2456781.180312799 4880.157 544.091 10.575
2456781.20074441 4916.061 544.047 10.543
2456781.241607631 4940.426 544.308 10.668
2456781.262039242 4912.29 544.31 10.698
2456781.282470853 4919.401 544.279 10.695
2456781.302902463 4930.947 544.256 10.687
2456781.323334075 4919.242 544.246 10.678
2456781.343765785 4914.127 544.218 10.66
2456781.364197297 4914.264 544.193 10.644
2456781.384628908 4901.706 544.173 10.636
2456781.40506062 4899.848 544.13 10.613
2456781.425492231 4884.778 544.098 10.597
2456781.445923743 4911.4 544.086 10.575
2456781.466355455 4885.511 544.375 10.758
2456781.486786966 4907.989 544.542 10.664
2456781.507218678 4912.308 544.517 10.626
2456781.52765029 4914.441 544.338 10.729
2456781.548081902 4908.959 544.318 10.716
2456781.568513515 4916.092 544.276 10.695
2456781.588945127 4908.89 544.248 10.686
2456781.60937664 4917.271 544.236 10.665
2456781.629808352 4895.888 544.212 10.649
2456781.650239965 4899.229 544.187 10.64
2456781.670671478 4900.022 544.147 10.616
2456781.691103191 4885.896 544.111 10.6
2456781.711534804 4872.452 544.256 10.667
2456781.731966517 4911.219 544.239 10.658
2456781.75239803 4889.22 544.194 10.64
2456781.772829643 4905.264 544.168 10.627
2456781.793261357 4902.549 544.118 10.595
2456781.813692871 4870.283 544.094 10.579
2456781.834124484 4873.82 544.075 10.556
2456781.854556198 4866.005 544.02 10.526
2456781.874987712 4885.175 543.994 10.507
2456781.895419326 4852.236 543.94 10.474
2456781.91585104 4891.556 543.906 10.44
2456781.936282654 4874.685 543.888 10.41
2456781.956714269 4861.298 544.234 10.641
2456781.977145883 4884.886 544.249 10.671
2456781.997577498 4893.3 544.208 10.653
2456782.018009113 4885.167 544.152 10.622
2456782.038440727 4870.929 544.129 10.604
2456782.058872342 4871.792 544.075 10.569
2456782.079304057 4855.452 544.017 10.532
2456782.099735572 4870.418 543.972 10.495
2456782.120167187 4872.247 543.915 10.421
2456782.140598903 4884.625 543.867 10.405
2456782.161030419 4868.599 543.812 10.361
2456782.181462134 4887.367 543.746 10.334
2456782.20189375 4808.242 544.154 10.626
2456782.222325265 4826.924 544.185 10.625
2456782.242756981 4826.429 544.133 10.6
2456782.263188498 4854.054 544.089 10.562
2456782.283620114 4844.94 544.028 10.535
2456782.30405183 4841.32 543.984 10.497
2456782.324483347 4848.617 543.931 10.45
2456782.344915063 4844.222 543.862 10.405
2456782.365346679 4857.823 543.818 10.383
2456782.385778196 4846.613 543.773 10.331
2456782.406209913 4859.867 543.715 10.298
2456782.42664153 4846.985 543.67 10.268
2456782.447073147 4805.901 544.042 10.547
2456782.467504764 4815.074 544.085 10.561
2456782.487936382 4805.905 544.034 10.522
2456782.508367999 4804.561 543.964 10.474
2456782.528799617 4822.344 543.915 10.443
2456782.549231234 4828.875 543.866 10.415
2456782.569662952 4828.933 543.803 10.362
2456782.59009457 4839.378 543.756 10.337
2456782.610526088 4833.359 543.698 10.287
2456782.630957806 4818.942 543.664 10.26
2456782.651389425 4816.683 543.607 10.209
2456782.671820943 4802.792 543.558 10.16
2456782.692252662 4592.097 544.486 10.823
2456782.71268428 4840.879 544.628 10.908
2456782.733115799 4812.112 544.564 10.886
2456782.753547518 4804.017 544.518 10.862
2456782.773979137 4821.781 544.593 10.7
2456782.794410856 4795.96 544.559 10.675
2456782.814842375 4794.137 544.514 10.65
2456782.835273995 4799.306 544.33 10.719
2456782.855705714 4796.699 544.29 10.692
2456782.876137233 4782.459 544.235 10.663
2456782.896568753 4769.55 544.191 10.635
2456782.917000473 4756.468 544.128 10.602
2456782.937432093 4696.102 544.499 10.845
2456782.957863713 4820.881 544.664 10.931
2456782.978295333 4787.039 544.59 10.895
2456782.998726954 4793.107 544.525 10.87
2456783.019158674 4771.574 544.484 10.827
2456783.039590195 4785.463 544.545 10.673
2456783.060021815 4762.557 544.503 10.642
2456783.080453536 4779.268 544.306 10.698
2456783.100885157 4768.709 544.246 10.664
2456783.121316678 4765.611 544.192 10.641
2456783.141748399 4751.518 544.115 10.588
2456783.162180021 4762.476 544.058 10.551
2456783.203043264 4763.627 544.245 10.668
2456783.223474885 4780.48 544.249 10.675
2456783.243906607 4770.785 544.208 10.664
2456783.264338129 4749.212 544.168 10.655
2456783.284769751 4768.524 544.174 10.628
2456783.305201474 4753.923 544.139 10.593
2456783.325632996 4752.579 544.134 10.561
2456783.346064618 4737.066 544.096 10.548
2456783.366496341 4735.805 544.044 10.536
2456783.386927864 4751.901 544.014 10.524
2456783.407359586 4762.034 543.964 10.486
2456783.427791209 4715.899 544.209 10.637
2456783.448222732 4765.009 544.23 10.658
2456783.468654456 4760.925 544.183 10.634
2456783.489086079 4751.187 544.158 10.619
2456783.509517603 4757.734 544.105 10.586
2456783.529949326 4748.592 544.07 10.583
2456783.55038085 4730.53 544.063 10.552
2456783.570812574 4773.46 544.002 10.493
2456783.591244197 4756.448 543.985 10.465
2456783.611675722 4753.897 543.924 10.438
2456783.632107446 4763.082 543.878 10.405
2456783.65253907 4784.286 543.834 10.388
2456783.672970695 4691.248 544.406 10.784
2456783.693402319 4769.532 544.481 10.845
2456783.713833944 4891.596 544.599 10.693
2456783.734265569 4762.774 544.561 10.668
2456783.754697194 4766.425 544.526 10.657
2456783.775128819 4772.391 544.486 10.62
2456783.795560544 4763.136 544.309 10.703
2456783.81599217 4788.24 544.28 10.687
2456783.836423696 4804.073 544.237 10.651
2456783.856855421 4780.208 544.204 10.628
2456783.877287047 4765.525 544.152 10.619
2456783.897718573 4758.148 544.105 10.579
2456783.918150299 4721.102 544.526 10.86
2456783.938581925 4778.579 544.526 10.864
2456783.959013452 4773.463 544.508 10.836
2456783.979445178 4781.802 544.585 10.694
2456783.999876805 4771.317 544.54 10.676
2456784.020308531 4764.788 544.494 10.634
2456784.040740058 4783.778 544.327 10.714
2456784.061171685 4802.619 544.306 10.671
2456784.081603413 4814.348 544.268 10.665
2456784.10203494 4788.552 544.212 10.651
2456784.122466567 4807.908 544.168 10.633
2456784.142898295 4768.491 544.13 10.592
2456784.163329822 4761.965 544.497 10.837
2456784.18376145 4805.203 544.516 10.85
2456784.204193078 4792.217 544.584 10.704
2456784.224624706 4778.868 544.552 10.672
2456784.245056435 4788.899 544.526 10.639
2456784.265487963 4796.262 544.471 10.611
2456784.285919591 4815.324 544.3 10.689
2456784.30635132 4816.611 544.245 10.669
2456784.326782949 4814.41 544.195 10.648
2456784.347214478 4793.558 544.167 10.612
2456784.367646207 4778.366 544.103 10.562
2456784.388077836 4807.223 544.065 10.549
2456784.408509465 4758.232 544.449 10.813
2456784.428941095 4812.173 544.594 10.695
2456784.449372725 4809.616 544.56 10.673
2456784.469804454 4816.959 544.506 10.639
2456784.490235984 4832.45 544.327 10.718
2456784.510667614 4842.651 544.29 10.678
2456784.531099344 4844.381 544.234 10.658
2456784.551530875 4840.077 544.188 10.634
2456784.571962505 4808.803 544.131 10.612
2456784.592394236 4814.708 544.088 10.552
2456784.612825767 4826.645 544.053 10.533
2456784.633257497 4834.188 543.983 10.484
2456784.653689128 4812.77 544.327 10.713
2456784.674120659 4841.622 544.475 10.612
2456784.694552391 4865.899 544.291 10.687
2456784.714984022 4856.592 544.238 10.667
2456784.735415654 4856.965 544.185 10.625
2456784.755847286 4829.978 544.131 10.598
2456784.776278917 4832.986 544.077 10.555
2456784.796710549 4836.364 544.014 10.515
2456784.817142182 4831.819 543.967 10.474
2456784.837573814 4832.034 543.892 10.414
2456784.858005446 4839.71 543.832 10.373
2456784.878437079 4889.631 543.755 10.329
2456784.898868712 4793.232 544.375 10.747
2456784.919300344 4860.641 544.556 10.677
2456784.939731977 4853.893 544.502 10.636
2456784.960163611 4876.994 544.317 10.696
2456784.980595344 4874.543 544.266 10.674
2456785.001026877 4854.634 544.2 10.644
2456785.021458611 4842.604 544.165 10.615
2456785.041890244 4854.229 544.092 10.561
2456785.062321778 4847.988 544.033 10.527
2456785.082753513 4854.862 543.977 10.475
2456785.103185147 4889.544 543.904 10.433
2456785.123616681 4884.254 543.851 10.391
2456785.16448005 4806.807 544.324 10.735
2456785.184911585 4879.98 544.558 10.682
2456785.20534332 4887.674 544.541 10.647
2456785.225774955 4874.848 544.383 10.742
2456785.24620669 4879.615 544.348 10.7
2456785.266638225 4889.168 544.31 10.679
2456785.287069861 4882.111 544.252 10.675
2456785.307501596 4880.381 544.215 10.644
2456785.327933132 4881.115 544.177 10.638
2456785.348364768 4886.847 544.139 10.6
2456785.368796504 4884.633 544.1 10.559
2456785.38922804 4860.568 544.479 10.826
2456785.409659677 4898.269 544.602 10.705
2456785.430091413 4892.975 544.562 10.698
2456785.45052305 4903.601 544.523 10.647
2456785.470954687 4888.284 544.5 10.634
2456785.491386324 4919.059 544.345 10.689
2456785.511817961 4881.036 544.274 10.669
2456785.532249598 4930.88 544.24 10.652
2456785.552681236 4892.794 544.168 10.616
2456785.573112773 4898.091 544.132 10.593
2456785.593544511 4866.613 544.085 10.58
2456785.613976149 4865.684 544.02 10.516
2456785.634407787 4869.724 544.321 10.711
2456785.654839425 4918.357 544.494 10.604
2456785.675271064 4912.318 544.307 10.696
2456785.695702802 4917.492 544.275 10.674
2456785.716134341 4911.297 544.21 10.655
2456785.736565979 4913.936 544.186 10.62
2456785.756997718 4882.162 544.145 10.592
2456785.777429258 4888.468 544.084 10.556
2456785.797860897 4907.382 544.033 10.53
2456785.818292636 4905.096 543.98 10.481
2456785.838724175 4908.647 543.944 10.458
2456785.859155915 4909.883 543.906 10.421
2456785.879587555 4866.475 544.43 10.779
2456785.900019095 4911.219 544.59 10.701
2456785.920450835 4933.785 544.532 10.656
2456785.940882476 4903.655 544.483 10.636
2456785.961314116 4924.524 544.307 10.675
2456785.981745757 4922.066 544.264 10.656
2456786.002177398 4927.161 544.232 10.645
2456786.022609039 4917.342 544.155 10.606
2456786.04304068 4898.325 544.112 10.592
2456786.063472321 4914.248 544.084 10.564
2456786.083904062 4891.351 544.041 10.521
2456786.104335704 4877.174 543.989 10.491
2456786.124767246 4846.082 544.504 10.843
2456786.145198988 4918.008 544.527 10.856
2456786.16563063 4919.33 544.49 10.809
2456786.186062172 4925.034 544.544 10.66
2456786.206493914 4905.244 544.504 10.624
2456786.226925457 4905.379 544.304 10.697
2456786.247357199 4920.965 544.242 10.667
2456786.267788842 4914.05 544.192 10.631
2456786.288220386 4894.048 544.134 10.584
2456786.308652129 4902.844 544.091 10.554
2456786.329083772 4908.809 544.03 10.523
2456786.349515315 4890.002 543.991 10.494
2456786.369947059 4904.872 544.284 10.674
2456786.390378703 4915.344 544.276 10.677
2456786.410810247 4922.479 544.238 10.653
2456786.431241991 4909.609 544.162 10.617
2456786.451673635 4894.806 544.091 10.568
2456786.47210538 4888.43 544.042 10.515
2456786.492536924 4917.666 543.946 10.47
2456786.512968569 4919.623 543.898 10.409
2456786.533400314 4936.278 543.82 10.367
2456786.553831859 4942.184 543.75 10.302
2456786.574263504 4924.488 543.685 10.267
2456786.59469525 4915.936 543.618 10.207
2456786.615126895 4897.677 544.137 10.589
2456786.635558541 4871.298 544.152 10.603
2456786.655990187 4809.824 544.091 10.562
2456786.676421833 4900.291 544.025 10.513
2456786.696853479 4893.529 543.955 10.455
2456786.717285126 4910.916 543.891 10.422
2456786.737716772 4894.937 543.817 10.366
2456786.758148519 4934.197 543.775 10.318
2456786.778580065 4919.406 543.715 10.301
2456786.799011712 4915.049 543.667 10.238
2456786.81944336 4895.909 543.62 10.21
2456786.839875007 4895.201 543.568 10.157
2456786.860306755 4722.823 544.047 10.516
2456786.880738303 4903.84 544.182 10.631
2456786.90116995 4896.862 544.14 10.591
2456786.921601698 4882.552 544.076 10.546
2456786.942033247 4900.667 543.999 10.502
2456786.962464895 4905.787 543.942 10.449
2456786.982896643 4902.279 543.877 10.4
2456787.003328192 4902.557 543.793 10.343
2456787.023759841 4935.314 543.728 10.299
2456787.04419159 4896.535 543.657 10.238
2456787.064623139 4893.864 543.607 10.195
2456787.085054888 4920.625 543.553 10.132
2456787.125918188 4891.596 544.593 10.69
2456787.146349838 4893.331 544.558 10.686
2456787.166781487 4875.827 544.54 10.68
2456787.187213138 4893.569 544.522 10.645
2456787.207644788 4903.183 544.488 10.62
2456787.228076438 4888.633 544.482 10.598
2456787.248508189 4922.859 544.309 10.671
2456787.26893974 4881.95 544.279 10.641
2456787.289371391 4890.524 544.225 10.646
2456787.309803143 4903.824 544.186 10.631
2456787.330234794 4881.696 544.162 10.608
2456787.350666346 4879.604 544.34 10.723
2456787.371098097 4902.921 544.497 10.625
2456787.391529749 4898.79 544.332 10.714
2456787.411961301 4921.122 544.292 10.678
2456787.432393053 4916.024 544.251 10.663
2456787.452824706 4885.418 544.194 10.647
2456787.473256358 4891.139 544.185 10.619
2456787.493688011 4884.024 544.146 10.59
2456787.514119664 4882.624 544.106 10.565
2456787.534551417 4881.943 544.088 10.53
2456787.55498297 4905.046 544.022 10.499
2456787.575414624 4895.793 543.986 10.482
2456787.595846277 4870.181 544.194 10.627
2456787.616277931 4910.936 544.184 10.63
2456787.636709685 4899.647 544.148 10.616
2456787.657141239 4887.186 544.114 10.549
2456787.677572893 4879.274 544.072 10.546
2456787.698004648 4890.938 544.022 10.506
2456787.718436203 4898.607 543.97 10.474
2456787.738867857 4892.592 543.929 10.448
2456787.759299613 4903.492 543.888 10.393
2456787.779731167 4912.915 543.843 10.368
2456787.800162823 4925.515 543.776 10.327
2456787.820594579 4944.375 543.726 10.291
2456787.841026234 4837.584 544.162 10.597
2456787.86145789 4892.666 544.193 10.635
2456787.881889546 4876.049 544.16 10.606
2456787.902321202 4876.286 544.113 10.565
2456787.922752859 4899.972 544.064 10.535
2456787.943184515 4884.598 544.016 10.513
2456787.963616172 4902.742 543.957 10.465
2456787.984047929 4894.976 543.919 10.446
2456788.004479486 4924.183 543.866 10.378
2456788.024911143 4904.283 543.824 10.341
2456788.045342901 4929.553 543.755 10.305
2456788.065774458 4938.195 543.697 10.274
2456788.086206216 4856.273 544.287 10.683
2456788.106637874 4897.143 544.494 10.62
2456788.127069432 4921.52 544.316 10.695
2456788.147501191 4908.025 544.264 10.678
2456788.167932849 4913.65 544.212 10.644
2456788.188364408 4888.054 544.18 10.614
2456788.208796167 4858.687 544.122 10.557
2456788.229227726 4893.389 544.07 10.542
2456788.249659485 4903.682 544.014 10.499
2456788.270091145 4883.942 543.953 10.458
2456788.290522704 4910.657 543.906 10.425
2456788.310954464 4909.346 543.849 10.371
2456788.331386124 4860.115 544.102 10.556
2456788.351817784 4883.872 544.09 10.556
2456788.372249444 4883.352 544.037 10.519
2456788.392681105 4863.969 543.984 10.481
2456788.413112766 4886.213 543.924 10.424
2456788.433544427 4891.982 543.874 10.397
2456788.453976088 4890.341 543.829 10.368
2456788.474407849 4952.09 543.764 10.32
2456788.49483951 4900.274 543.725 10.283
2456788.515271072 4916.675 543.658 10.238
2456788.535702834 4901.855 543.616 10.206
2456788.556134495 4888.467 543.568 10.147
2456788.576566058 4761.249 544.087 10.555
2456788.59699782 4885.814 544.2 10.62
2456788.617429483 4865.186 544.132 10.586
2456788.637861245 4842.935 544.083 10.556
2456788.658292808 4872.969 544.004 10.503
2456788.678724471 4869.738 543.95 10.458
2456788.699156235 4866.192 543.88 10.414
2456788.719587798 4867.367 543.828 10.372
2456788.740019462 4872.829 543.754 10.324
2456788.760451226 4879.778 543.691 10.268
2456788.780882789 4894.222 543.654 10.242
2456788.801314454 4862.154 543.58 10.176
2456788.821746218 4783.795 544.099 10.562
2456788.842177783 4846.05 544.175 10.612
2456788.862609547 4863.776 544.091 10.551
2456788.883041112 4874.898 544.046 10.523
2456788.903472777 4884.593 543.958 10.452
2456788.923904542 4861.331 543.895 10.413
2456788.944336108 4877.394 543.821 10.363
2456788.964767774 4879.296 543.758 10.305
2456788.985199539 4868.123 543.697 10.266
2456789.005631206 4871.677 543.631 10.212
2456789.026062872 4873.845 543.578 10.167
2456789.046494538 4874.69 543.519 10.08
2456789.087357872 4855.584 544.279 10.657
2456789.107789539 4853.559 544.273 10.633
2456789.128221206 4869.038 544.223 10.648
2456789.148652973 4854.269 544.171 10.615
2456789.169084541 4842.039 544.147 10.607
2456789.189516209 4835.298 544.108 10.564
2456789.209947976 4831.173 544.083 10.553
2456789.230379545 4826.897 544.051 10.527
2456789.250811313 4845.747 544.003 10.48
2456789.271242981 4844.98 543.964 10.464
2456789.29167455 4830.197 543.895 10.43
2456789.312106319 4789.525 544.093 10.556
2456789.332537988 4845.113 544.134 10.586
2456789.352969558 4804.532 544.097 10.55
2456789.373401327 4813.677 544.066 10.524
2456789.393832996 4810.734 544.03 10.472
2456789.414264766 4827.219 543.977 10.459
2456789.434696336 4815.782 543.921 10.44
2456789.455128007 4834.532 543.884 10.397
2456789.475559777 4826.522 543.836 10.379
2456789.495991347 4836.204 543.801 10.336
2456789.516423018 4837.201 543.769 10.301
2456789.536854689 4830.648 543.702 10.266
2456789.55728636 4760.173 544.161 10.581
2456789.577718032 4831.441 544.268 10.659
2456789.598149703 4813.028 544.228 10.643
2456789.618581375 4792.413 544.181 10.631
2456789.639013147 4802.098 544.148 10.588
2456789.65944472 4795.078 544.118 10.547
2456789.679876392 4794.758 544.039 10.52
2456789.700308164 4809.626 544.006 10.493
2456789.720739837 4818.956 543.948 10.444
2456789.74117141 4796.326 543.896 10.413
2456789.761603183 4822.717 543.873 10.374
2456789.782034856 4813.459 543.783 10.343
2456789.80246643 4726.577 544.16 10.593
2456789.822898204 4793.715 544.219 10.641
2456789.843329878 4786.475 544.177 10.611
2456789.863761652 4771.611 544.124 10.594
2456789.884193226 4787.375 544.073 10.539
2456789.904624901 4744.653 544.045 10.504
2456789.925056675 4776.042 543.985 10.454
2456789.94548825 4773.179 543.923 10.428
2456789.965919925 4779.185 543.866 10.383
2456789.9863517 4785.224 543.817 10.355
2456790.006783276 4790.672 543.777 10.319
2456790.027215052 4789.864 543.712 10.275
2456790.047646728 4656.178 544.192 10.61
2456790.068078304 4798.65 544.298 10.683
2456790.08851008 4789.761 544.266 10.664
2456790.108941757 4769.944 544.236 10.642
2456790.129373333 4757.734 544.183 10.608
2456790.14980511 4766.926 544.147 10.582
2456790.170236787 4759.107 544.081 10.533
2456790.190668465 4744.621 544.049 10.52
2456790.211100142 4772.894 543.972 10.478
2456790.23153182 4773.328 543.942 10.425
2456790.251963498 4771.985 543.877 10.392
2456790.272395176 4785.996 543.813 10.343
2456790.292826854 4718.14 544.066 10.543
2456790.313258532 4760.74 544.07 10.537
2456790.333690211 4752.66 544.027 10.505
2456790.35412189 4762.826 543.978 10.463
2456790.374553669 4770.226 543.908 10.409
2456790.394985248 4790.567 543.855 10.387
2456790.415417028 4790.945 543.8 10.324
2456790.435848708 4799.159 543.749 10.301
2456790.456280288 4796.71 543.68 10.251
2456790.476712068 4794.235 543.632 10.212
2456790.497143748 4790.394 543.597 10.17
2456790.517575329 4780.645 543.553 10.107
2456790.538007109 4636.748 544.033 10.503
2456790.55843879 4764.211 544.139 10.58
2456790.578870571 4745.364 544.091 10.546
2456790.599302153 4771.694 544.018 10.496
2456790.619733834 4764.865 543.985 10.475
2456790.640165616 4760.856 543.913 10.42
2456790.660597198 4761.0 543.857 10.372
2456790.68102888 4782.696 543.806 10.348
2456790.701460662 4803.321 543.75 10.291
2456790.721892245 4809.458 543.705 10.263
2456790.742323928 4797.381 543.642 10.22
2456790.762755711 4782.686 543.615 10.179
2456790.783187394 4694.05 544.167 10.582
2456790.803619077 4804.137 544.295 10.667
2456790.824050761 4768.965 544.247 10.643
2456790.844482445 4797.673 544.185 10.623
2456790.864914129 4752.544 544.143 10.581
2456790.885345813 4769.074 544.079 10.535
2456790.905777398 4760.094 544.04 10.516
2456790.926209182 4782.411 543.976 10.453
2456790.946640867 4772.801 543.923 10.426
2456790.967072552 4786.9 543.847 10.374
2456790.987504237 4803.989 543.813 10.333
2456791.007935923 4813.946 543.753 10.3
2456791.048799295 4787.611 544.254 10.647
2456791.069230981 4778.358 544.177 10.609
2456791.089662767 4779.288 544.122 10.585
2456791.110094353 4772.91 544.08 10.534
2456791.13052604 4776.178 544.025 10.523
2456791.150957827 4777.129 543.995 10.471
2456791.171389414 4791.86 543.959 10.44
2456791.191821202 4788.133 543.933 10.407
2456791.212252889 4803.795 543.865 10.369
2456791.232684477 4789.244 543.854 10.342
2456791.253116265 4811.394 543.777 10.329
2456791.273547953 4649.631 544.063 10.517
2456791.293979541 4795.411 544.202 10.624
2456791.31441133 4774.73 544.164 10.612
2456791.334843019 4795.931 544.14 10.589
2456791.355274808 4780.826 544.102 10.548
2456791.375706397 4798.816 544.07 10.527
2456791.396138087 4789.93 544.025 10.491
2456791.416569876 4787.219 543.992 10.476
2456791.437001466 4811.231 543.935 10.45
2456791.457433156 4816.577 543.921 10.422
2456791.477864947 4824.521 543.872 10.381
2456791.498296637 4822.481 543.836 10.352
2456791.518728228 4756.011 544.183 10.586
2456791.539160019 4840.991 544.264 10.644
2456791.55959161 4826.051 544.23 10.632
2456791.580023401 4785.174 544.189 10.595
2456791.600455093 4813.22 544.14 10.595
2456791.620886685 4804.266 544.115 10.561
2456791.641318477 4800.504 544.062 10.544
2456791.661750169 4811.057 544.048 10.505
2456791.682181762 4803.987 544.013 10.469
2456791.702613554 4830.94 543.967 10.459
2456791.723045247 4796.522 543.921 10.411
2456791.74347704 4835.37 543.881 10.4
2456791.763908634 4789.94 544.146 10.581
2456791.784340328 4835.021 544.219 10.636
2456791.804772121 4825.588 544.202 10.603
2456791.825203715 4824.384 544.159 10.58
2456791.845635409 4818.404 544.124 10.571
2456791.866067204 4832.938 544.079 10.525
2456791.886498799 4827.804 544.052 10.515
2456791.906930493 4831.56 544.004 10.486
2456791.927362288 4833.598 543.978 10.455
2456791.947793884 4840.881 543.92 10.424
2456791.968225679 4835.443 543.891 10.393
2456791.988657375 4870.901 543.838 10.361
2456792.009089071 4790.211 544.169 10.592
2456792.029520767 4866.401 544.242 10.65
2456792.049952463 4856.836 544.201 10.611
2456792.07038416 4839.732 544.178 10.594
2456792.090815857 4850.922 544.127 10.553
2456792.111247554 4856.772 544.09 10.532
2456792.131679351 4869.81 544.044 10.512
2456792.152111049 4841.194 544.004 10.482
2456792.172542647 4848.838 543.977 10.457
2456792.192974444 4863.583 543.932 10.427
2456792.213406043 4897.295 543.887 10.396
2456792.233837741 4863.262 543.844 10.363
2456792.254269539 4822.892 544.174 10.597
2456792.274701138 4859.877 544.231 10.622
2456792.295132937 4864.032 544.178 10.597
2456792.315564637 4848.687 544.139 10.572
2456792.335996236 4858.031 544.098 10.542
2456792.356428036 4885.761 544.06 10.537
2456792.376859736 4880.637 544.008 10.485
2456792.397291336 4863.623 543.993 10.46
2456792.417723136 4883.644 543.928 10.418
2456792.438154837 4888.73 543.891 10.401
2456792.458586438 4891.617 543.839 10.354
2456792.479018239 4914.697 543.787 10.32
2456792.49944994 4852.583 544.142 10.575
2456792.519881742 4873.163 544.149 10.582
2456792.540313343 4882.6 544.11 10.553
2456792.560745045 4874.192 544.055 10.514
2456792.581176847 4894.749 544.017 10.489
2456792.60160845 4888.457 543.964 10.445
2456792.622040152 4890.971 543.912 10.417
2456792.642471955 4891.209 543.872 10.384
2456792.662903658 4900.936 543.828 10.346
2456792.683335362 4932.038 543.788 10.315
2456792.703767065 4924.844 543.728 10.264
2456792.724198769 4917.391 543.689 10.25
2456792.744630473 4785.443 544.311 10.692
2456792.765062177 4923.477 544.495 10.796
2456792.785493881 4869.585 544.578 10.667
2456792.805925586 4906.057 544.532 10.636
2456792.826357291 4889.431 544.496 10.601
2456792.846788996 4909.894 544.317 10.677
2456792.867220801 4906.037 544.277 10.654
2456792.887652407 4881.332 544.217 10.625
2456792.908084213 4902.973 544.173 10.606
2456792.928515819 4884.456 544.117 10.548
2456792.948947525 4872.736 544.071 10.529
2456792.969379331 4865.993 544.022 10.487
2456793.010242645 4885.938 544.22 10.616
2456793.030674452 4865.44 544.211 10.616
2456793.051106059 4876.971 544.175 10.598
2456793.071537867 4869.176 544.108 10.572
2456793.091969575 4870.76 544.082 10.532
2456793.112401183 4881.607 544.015 10.503
2456793.132832991 4894.982 544.013 10.478
2456793.1532647 4903.734 543.967 10.451
2456793.173696309 4873.528 543.942 10.409
2456793.194128118 4890.767 543.915 10.375
2456793.214559827 4913.092 543.851 10.365
2456793.234991536 4835.997 544.327 10.705
2456793.255423246 4912.369 544.579 10.67
2456793.275854956 4887.012 544.565 10.655
2456793.296286766 4901.043 544.513 10.63
2456793.316718377 4909.023 544.502 10.606
2456793.337150088 4916.439 544.469 10.577
2456793.357581898 4896.963 544.295 10.667
2456793.378013609 4907.986 544.271 10.655
2456793.398445221 4898.704 544.229 10.648
2456793.418877032 4899.177 544.211 10.62
2456793.439308744 4860.749 544.17 10.59
2456793.459740556 4870.331 544.153 10.577
2456793.480172168 4881.242 544.266 10.638
2456793.500603881 4887.46 544.277 10.642
2456793.521035694 4887.014 544.244 10.624
2456793.541467307 4889.511 544.202 10.621
2456793.56189892 4877.936 544.167 10.599
2456793.582330734 4871.355 544.122 10.565
2456793.602762447 4886.756 544.106 10.556
2456793.623194261 4868.914 544.069 10.496
2456793.643625875 4878.009 544.029 10.492
2456793.66405759 4874.911 543.985 10.463
2456793.684489404 4896.817 543.938 10.424
2456793.704921019 4872.28 543.884 10.401
2456793.725352734 4837.857 544.137 10.571
2456793.74578455 4881.049 544.173 10.6
2456793.766216165 4871.604 544.141 10.566
2456793.786647881 4863.392 544.108 10.547
2456793.807079697 4866.027 544.062 10.514
2456793.827511313 4868.798 544.03 10.496
2456793.847943129 4861.828 543.982 10.464
2456793.868374846 4896.856 543.943 10.431
2456793.888806563 4899.63 543.916 10.399
2456793.90923828 4879.219 543.862 10.363
2456793.929669998 4904.689 543.839 10.346
2456793.950101716 4901.462 543.784 10.318
2456793.970533433 4848.988 544.307 10.684
2456793.990965152 4876.792 544.524 10.63
2456794.01139697 4881.472 544.507 10.599
2456794.031828689 4905.56 544.34 10.683
2456794.052260308 4883.703 544.297 10.653
2456794.072692127 4881.606 544.267 10.649
2456794.093123846 4889.144 544.221 10.632
2456794.113555466 4863.359 544.194 10.61
2456794.133987286 4865.897 544.148 10.574
2456794.154419006 4863.712 544.11 10.552
2456794.174850726 4870.845 544.056 10.52
2456794.195282447 4871.145 544.015 10.489
2456794.215714068 4871.792 544.262 10.636
2456794.236145888 4886.028 544.272 10.638
2456794.25657761 4898.316 544.239 10.628
2456794.277009232 4863.03 544.183 10.599
2456794.297441053 4874.686 544.155 10.592
2456794.317872775 4869.915 544.079 10.532
2456794.338304398 4873.846 544.053 10.514
2456794.35873622 4872.853 544.019 10.472
2456794.379167943 4890.04 543.967 10.44
2456794.399599766 4889.685 543.922 10.409
2456794.420031389 4871.83 543.871 10.379
2456794.440463113 4890.526 543.841 10.35
2456794.460894936 4867.345 544.137 10.566
2456794.48132656 4876.561 544.158 10.583
2456794.501758284 4846.02 544.097 10.538
2456794.522190109 4870.979 544.055 10.519
2456794.542621834 4879.141 544.012 10.468
2456794.563053559 4879.462 543.962 10.44
2456794.583485284 4884.311 543.901 10.405
2456794.603917009 4886.727 543.847 10.361
2456794.624348735 4899.862 543.814 10.322
2456794.644780461 4913.288 543.757 10.289
2456794.665212187 4907.168 543.712 10.244
2456794.685644014 4902.374 543.652 10.206
2456794.70607564 4807.591 544.123 10.56
2456794.726507367 4873.848 544.182 10.599
2456794.746939194 4883.562 544.146 10.573
2456794.767370822 4870.156 544.093 10.542
2456794.78780265 4894.854 544.043 10.494
2456794.808234377 4882.325 543.991 10.466
2456794.828666006 4889.652 543.929 10.412
2456794.849097834 4891.505 543.88 10.377
2456794.869529462 4900.525 543.802 10.334
2456794.889961191 4913.433 543.771 10.297
2456794.910393021 4913.887 543.701 10.241
2456794.93082465 4922.746 543.655 10.202
2456794.97168821 4875.641 544.276 10.654
2456794.99211984 4909.391 544.256 10.649
2456795.01255167 4900.097 544.208 10.629
2456795.032983401 4875.696 544.192 10.603
2456795.053415132 4858.625 544.136 10.571
2456795.073846863 4855.317 544.122 10.541
2456795.094278594 4864.51 544.064 10.522
2456795.114710426 4855.787 544.03 10.51
2456795.135142058 4882.146 543.983 10.477
2456795.15557379 4878.516 543.961 10.441
2456795.176005622 4871.055 543.935 10.408
2456795.196437255 4867.978 544.198 10.601
2456795.216868988 4875.993 544.211 10.582
2456795.237300821 4873.475 544.164 10.561
2456795.257732554 4859.721 544.131 10.558
2456795.278164188 4882.52 544.08 10.517
2456795.298596022 4863.641 544.051 10.51
2456795.319027756 4862.461 544.011 10.476
2456795.339459591 4882.549 543.976 10.456
2456795.359891226 4867.334 543.943 10.425
2456795.38032296 4866.136 543.908 10.395
2456795.400754795 4879.78 543.877 10.374
2456795.421186431 4892.718 543.829 10.345
2456795.441618166 4853.144 544.243 10.629
2456795.462050003 4884.565 544.283 10.676
2456795.482481638 4896.485 544.281 10.646
2456795.502913475 4904.578 544.249 10.628
2456795.523345112 4866.697 544.225 10.606
2456795.543776849 4851.567 544.194 10.582
2456795.564208686 4855.983 544.157 10.568
2456795.584640324 4864.12 544.111 10.558
2456795.605072061 4851.062 544.075 10.523
2456795.625503899 4860.829 544.04 10.512
2456795.645935537 4852.035 543.993 10.46
2456795.666367376 4839.497 543.971 10.443
2456795.686799115 4836.03 544.248 10.604
2456795.707230854 4882.466 544.281 10.65
2456795.727662593 4897.576 544.251 10.641
2456795.748094332 4879.605 544.209 10.604
2456795.768526072 4855.552 544.189 10.601
2456795.788957812 4846.031 544.14 10.574
2456795.809389553 4863.101 544.122 10.543
2456795.829821293 4834.691 544.08 10.517
2456795.850253134 4842.915 544.055 10.512
2456795.870684775 4859.877 544.011 10.47
2456795.891116616 4840.166 543.976 10.448
2456795.911548358 4853.814 543.931 10.422
2456795.931979999 4835.675 544.33 10.676
2456795.952411842 4863.81 544.507 10.598
2456795.972843584 4882.918 544.317 10.673
2456795.993275227 4876.989 544.299 10.656
2456796.01370707 4847.77 544.245 10.64
2456796.034138813 4855.304 544.219 10.622
2456796.054570656 4838.282 544.182 10.598
2456796.0750023 4843.78 544.157 10.561
2456796.095434044 4817.496 544.109 10.528
2456796.115865788 4842.297 544.056 10.505
2456796.136297532 4838.737 544.016 10.479
2456796.156729277 4845.844 543.963 10.437
2456796.177161022 4821.723 544.216 10.609
2456796.197592767 4837.999 544.22 10.611
2456796.218024612 4793.78 544.179 10.596
2456796.238456258 4807.872 544.13 10.56
2456796.258888004 4806.387 544.084 10.526
2456796.279319851 4824.962 544.061 10.503
2456796.299751497 4800.854 544.003 10.459
2456796.320183244 4819.751 543.961 10.428
2456796.340615091 4816.54 543.907 10.394
2456796.361046738 4822.68 543.871 10.364
2456796.381478486 4807.438 543.811 10.338
2456796.401910333 4858.554 543.773 10.29
2456796.422342082 4753.473 544.341 10.693
2456796.44277383 4806.875 544.589 10.642
2456796.463205579 4803.644 544.556 10.634
2456796.483637328 4838.096 544.507 10.604
2456796.504069077 4824.543 544.476 10.582
2456796.524500826 4813.993 544.294 10.651
2456796.544932576 4811.121 544.273 10.64
2456796.565364426 4813.296 544.219 10.616
2456796.585796076 4802.83 544.178 10.597
2456796.606227926 4782.15 544.138 10.559
2456796.626659677 4768.169 544.099 10.524
2456796.647091328 4790.301 544.057 10.508
2456796.66752318 4782.869 544.292 10.654
2456796.687954931 4792.374 544.306 10.67
2456796.708386583 4802.124 544.269 10.637
2456796.728818435 4778.613 544.234 10.62
2456796.749250187 4759.251 544.185 10.593
2456796.76968194 4774.335 544.145 10.569
2456796.790113693 4777.26 544.097 10.529
2456796.810545446 4745.733 544.058 10.509
2456796.830977199 4743.082 544.015 10.467
2456796.851408953 4781.655 543.965 10.432
2456796.871840707 4776.655 543.917 10.402
2456796.892272461 4763.388 543.882 10.36
2456796.93313597 4775.163 544.176 10.59
2456796.953567726 4734.029 544.139 10.563
2456796.973999481 4759.969 544.082 10.529
2456796.994431336 4753.189 544.068 10.498
2456797.014862992 4730.794 544.022 10.457
2456797.035294748 4781.99 544.003 10.435
2456797.055726605 4754.063 543.969 10.412
2456797.076158361 4756.865 543.91 10.395
2456797.096590018 4760.909 543.883 10.37
2456797.117021875 4776.854 543.838 10.345
2456797.137453633 4787.722 543.82 10.33
2456797.15788539 4671.174 544.126 10.55
2456797.178317148 4781.335 544.32 10.667
2456797.198748907 4773.568 544.289 10.645
2456797.219180765 4747.892 544.272 10.637
2456797.239612424 4733.223 544.235 10.618
2456797.260044183 4734.668 544.215 10.621
2456797.280476043 4734.055 544.176 10.602
2456797.300907702 4754.333 544.164 10.574
2456797.321339562 4753.122 544.134 10.549
2456797.341771322 4747.646 544.096 10.518
2456797.362202982 4742.863 544.079 10.489
2456797.382634843 4736.261 544.026 10.483
2456797.403066604 4758.043 544.254 10.61
2456797.423498265 4772.494 544.241 10.633
2456797.443930127 4758.499 544.221 10.613
2456797.464361889 4762.312 544.184 10.596
2456797.484793751 4747.759 544.139 10.573
2456797.505225413 4740.046 544.127 10.529
2456797.525657076 4735.437 544.083 10.506
2456797.546088939 4749.328 544.046 10.497
2456797.566520702 4764.119 543.997 10.455
2456797.586952466 4770.296 543.968 10.434
2456797.607384229 4750.565 543.921 10.404
2456797.627815993 4748.122 543.907 10.383
2456797.648247757 4704.729 544.387 10.717
2456797.668679522 4762.621 544.479 10.773
2456797.689111287 4755.602 544.574 10.643
2456797.709543152 4766.969 544.53 10.622
2456797.729974917 4763.459 544.518 10.603
2456797.750406583 4767.986 544.486 10.586
2456797.770838449 4774.679 544.471 10.575
2456797.791270215 4776.029 544.304 10.644
2456797.811701882 4775.087 544.285 10.656
2456797.832133748 4794.506 544.25 10.623
2456797.852565515 4777.332 544.217 10.614
2456797.872997383 4737.484 544.168 10.59
2456797.89342905 4770.057 544.349 10.689
2456797.913860818 4767.554 544.5 10.582
2456797.934292686 4779.555 544.332 10.653
2456797.954724355 4788.403 544.298 10.65
2456797.975156123 4775.904 544.243 10.616
2456797.995587992 4782.615 544.207 10.605
2456798.016019662 4755.641 544.156 10.582
2456798.036451531 4757.788 544.13 10.545
2456798.056883301 4739.582 544.081 10.509
2456798.077314971 4782.45 544.03 10.481
2456798.097746842 4787.169 543.975 10.447
2456798.118178612 4791.261 543.925 10.392
2456798.138610283 4745.508 544.226 10.608
2456798.159042154 4793.486 544.261 10.621
2456798.179473826 4772.121 544.214 10.602
2456798.199905698 4773.366 544.156 10.568
2456798.22033747 4764.966 544.106 10.529
2456798.240769142 4778.935 544.032 10.49
2456798.261201015 4839.417 544.004 10.466
2456798.281632788 4785.088 543.971 10.417
2456798.302064561 4787.349 543.929 10.397
2456798.322496334 4780.992 543.904 10.38
2456798.342928108 4813.794 543.859 10.354
2456798.363359882 4810.412 543.834 10.343
2456798.383791656 4768.705 544.275 10.631
2456798.404223431 4807.024 544.326 10.658
2456798.424655306 4805.091 544.275 10.633
2456798.445087081 4792.787 544.241 10.626
2456798.465518756 4766.764 544.183 10.585
2456798.485950632 4811.935 544.151 10.549
2456798.506382408 4772.074 544.09 10.516
2456798.526814085 4794.296 544.053 10.501
2456798.547245961 4805.527 543.996 10.457
2456798.567677738 4810.571 543.959 10.428
2456798.588109615 4798.112 543.926 10.381
2456798.608541293 4801.834 543.862 10.36
2456798.628973071 4780.5 544.296 10.633
2456798.649404949 4796.257 544.488 10.588
2456798.669836627 4811.015 544.333 10.67
2456798.690268405 4808.843 544.273 10.637
2456798.710700284 4799.061 544.246 10.617
2456798.731131963 4795.426 544.177 10.59
2456798.751563843 4801.095 544.146 10.556
2456798.771995622 4813.005 544.091 10.515
2456798.792427302 4811.986 544.052 10.483
2456798.812859183 4821.098 543.994 10.453
2456798.833290863 4820.416 543.936 10.42
2456798.853722644 4831.969 543.898 10.369
2456798.894586207 4842.907 544.359 10.658
2456798.915017989 4845.316 544.334 10.657
2456798.935449871 4832.32 544.329 10.641
2456798.955881653 4831.703 544.274 10.641
2456798.976313435 4838.103 544.255 10.628
2456798.996745219 4845.458 544.228 10.612
2456799.017177002 4848.779 544.206 10.613
2456799.037608785 4807.83 544.175 10.572
2456799.058040569 4823.283 544.153 10.56
2456799.078472353 4836.518 544.117 10.532
2456799.098904237 4834.805 544.083 10.507
2456799.119335922 4846.822 544.295 10.651
2456799.139767807 4880.956 544.292 10.655
2456799.160199592 4852.424 544.272 10.646
2456799.180631278 4861.264 544.238 10.609
2456799.201063163 4824.662 544.221 10.595
2456799.221494949 4833.91 544.175 10.571
2456799.241926636 4860.809 544.158 10.549
2456799.262358523 4851.466 544.121 10.517
2456799.282790309 4854.064 544.096 10.518
2456799.303222197 4837.509 544.043 10.496
2456799.323653884 4850.313 544.023 10.471
2456799.344085672 4845.592 543.983 10.447
2456799.36451756 4828.333 544.225 10.61
2456799.384949248 4885.031 544.276 10.624
2456799.405381037 4869.109 544.243 10.604
2456799.425812926 4874.705 544.208 10.6
2456799.446244616 4862.323 544.164 10.567
2456799.466676505 4862.995 544.138 10.553
2456799.487108195 4840.48 544.085 10.521
2456799.507539985 4849.448 544.058 10.495
2456799.527971875 4853.99 544.036 10.464
2456799.548403566 4880.391 543.997 10.435
2456799.568835357 4875.763 543.947 10.417
2456799.589267249 4861.403 543.916 10.386
2456799.60969904 4829.593 544.188 10.572
2456799.630130732 4866.599 544.254 10.624
2456799.650562624 4893.678 544.232 10.614
2456799.670994417 4876.715 544.188 10.59
2456799.69142621 4862.941 544.168 10.568
2456799.711858003 4872.082 544.122 10.541
2456799.732289796 4850.821 544.098 10.511
2456799.75272169 4857.389 544.045 10.492
2456799.773153384 4875.209 544.014 10.464
2456799.793585178 4871.624 543.972 10.438
2456799.814017073 4870.774 543.948 10.396
2456799.834448768 4880.188 543.921 10.373
2456799.854880663 4825.809 544.279 10.641
2456799.875312458 4874.01 544.542 10.611
2456799.895744154 4886.039 544.505 10.579
2456799.91617605 4894.976 544.488 10.577
2456799.936607847 4894.783 544.302 10.644
2456799.957039543 4885.831 544.291 10.639
2456799.977471441 4884.558 544.244 10.62
2456799.997903238 4883.785 544.22 10.608
2456800.018335135 4847.691 544.177 10.59
2456800.038766833 4857.346 544.146 10.56
2456800.059198631 4874.376 544.116 10.528
2456800.07963043 4881.711 544.084 10.492
2456800.100062228 4878.5 544.312 10.648
2456800.120494028 4913.762 544.316 10.649
2456800.140925827 4920.657 544.294 10.641
2456800.161357626 4878.327 544.249 10.614
2456800.181789526 4882.016 544.225 10.614
2456800.202221227 4869.95 544.171 10.582
2456800.222653027 4853.5 544.163 10.548
2456800.243084928 4887.86 544.096 10.523
2456800.263516629 4847.113 544.07 10.491
2456800.283948431 4893.082 544.023 10.477
2456800.304380333 4887.827 543.987 10.431
2456800.324812135 4883.171 543.944 10.407
2456800.345243837 4836.14 544.241 10.603
2456800.365675739 4887.647 544.299 10.64
2456800.386107543 4895.981 544.256 10.618
2456800.406539446 4904.937 544.22 10.614
2456800.42697115 4910.215 544.182 10.575
2456800.447402953 4856.881 544.161 10.563
2456800.467834857 4864.477 544.102 10.514
2456800.488266562 4858.469 544.07 10.508
2456800.508698367 4869.641 544.013 10.46
2456800.529130272 4878.003 543.989 10.44
2456800.549561977 4870.772 543.945 10.389
2456800.569993883 4880.209 543.9 10.375
2456800.590425689 4875.243 544.106 10.524
2456800.610857395 4863.336 544.112 10.521
2456800.631289302 4959.26 544.066 10.497
2456800.651721109 4845.497 544.02 10.461
2456800.672152816 4880.501 543.981 10.438
2456800.692584724 4874.433 543.922 10.385
2456800.713016531 4889.564 543.886 10.358
2456800.73344834 4899.975 543.828 10.308
2456800.753880148 4893.393 543.794 10.284
2456800.774311957 4919.168 543.723 10.238
2456800.794743866 4902.885 543.681 10.214
2456800.815175575 4894.167 543.644 10.158
2456800.856039195 4875.911 544.266 10.62
2456800.876471005 4885.259 544.263 10.618
2456800.896902916 4876.778 544.247 10.591
2456800.917334727 4866.167 544.243 10.58
2456800.937766438 4845.013 544.203 10.574
2456800.958198349 4836.927 544.178 10.577
2456800.978630161 4838.323 544.157 10.566
2456800.999061873 4857.133 544.124 10.531
2456801.019493786 4845.515 544.095 10.515
2456801.039925599 4835.489 544.067 10.486
2456801.060357311 4848.744 544.05 10.477
2456801.080789225 4893.869 544.217 10.588
2456801.101221038 4873.981 544.24 10.617
2456801.121652952 4868.063 544.199 10.588
2456801.142084667 4856.992 544.173 10.583
2456801.162516481 4861.345 544.131 10.545
2456801.182948396 4845.524 544.121 10.531
2456801.203380111 4849.823 544.085 10.494
2456801.223811927 4853.062 544.065 10.481
2456801.244243843 4833.91 544.04 10.456
2456801.264675559 4900.339 544.113 10.395
2456801.285107475 4887.646 544.099 10.494
2456801.305539292 4891.848 543.936 10.401
2456801.325971009 4803.052 544.298 10.636
2456801.346402926 4868.104 544.527 10.599
2456801.366834744 4889.966 544.501 10.595
2456801.387266562 5164.255 544.334 10.685
2456801.40769838 4892.584 544.331 10.66
2456801.428130199 4882.597 544.315 10.626
2456801.448562018 4874.633 544.275 10.626
2456801.468993837 4884.199 544.249 10.608
2456801.489425656 4850.828 544.218 10.6
2456801.509857477 4847.825 544.176 10.59
2456801.530289297 4838.834 544.151 10.553
2456801.550721117 4856.911 544.102 10.517
2456801.571152938 4858.833 544.354 10.662
2456801.591584759 4879.981 544.501 10.572
2456801.612016681 4886.894 544.336 10.661
2456801.632448502 4859.571 544.316 10.65
2456801.652880224 4864.539 544.27 10.623
2456801.673312147 4870.975 544.252 10.616
2456801.693743969 4875.779 544.215 10.597
2456801.714175692 4849.883 544.193 10.578
2456801.734607616 4874.31 544.142 10.544
2456801.755039439 4850.792 544.115 10.524
2456801.775471163 4845.106 544.069 10.5
2456801.795903088 4864.143 544.037 10.47
2456801.816334912 4853.001 544.194 10.592
2456801.836766837 4840.67 544.195 10.579
2456801.857198562 4882.269 544.185 10.553
2456801.877630388 4850.057 544.143 10.539
2456801.898062313 4872.407 544.115 10.519
2456801.91849404 4867.717 544.065 10.486
2456801.938925866 4851.807 544.038 10.473
2456801.959357793 4877.191 543.987 10.429
2456801.97978952 4872.53 543.959 10.412
2456802.000221448 4854.656 543.909 10.373
2456802.020653275 4879.188 543.878 10.353
2456802.041085003 4905.044 543.825 10.312
2456802.061516932 4842.269 544.182 10.569
2456802.08194876 4871.538 544.246 10.606
2456802.102380489 4868.409 544.219 10.581
2456802.122812419 4865.534 544.187 10.563
2456802.143244248 4864.642 544.143 10.539
2456802.163676078 4858.524 544.12 10.531
2456802.184107909 4863.941 544.072 10.491
2456802.204539739 4873.347 544.04 10.473
2456802.22497157 4882.928 543.993 10.442
2456802.245403401 4853.33 543.979 10.407
2456802.265835233 4899.088 543.911 10.371
2456802.286267165 4880.646 543.892 10.356
2456802.306698897 4854.586 544.087 10.499
2456802.327130729 4842.053 544.107 10.513
2456802.347562662 4876.298 544.07 10.499
2456802.367994395 4844.31 544.044 10.465
2456802.388426329 4859.489 543.996 10.429
2456802.408858162 4878.651 543.958 10.402
2456802.429289897 4877.458 543.91 10.381
2456802.449721831 4864.393 543.886 10.35
2456802.470153666 4896.413 543.836 10.312
2456802.490585401 4894.878 543.797 10.28
2456802.511017337 4909.407 543.762 10.258
2456802.531449172 4896.446 543.71 10.226
2456802.551881108 4821.5 544.2 10.563
2456802.572312844 4873.984 544.265 10.614
2456802.592744681 4834.299 544.251 10.601
2456802.613176618 4837.448 544.204 10.574
2456802.633608356 4863.946 544.169 10.558
2456802.654040193 4842.718 544.124 10.533
2456802.674472131 4838.027 544.1 10.508
2456802.694903869 4846.172 544.056 10.482
2456802.715335808 4851.056 544.024 10.457
2456802.735767647 4853.21 543.988 10.425
2456802.756199386 4854.058 543.942 10.39
2456802.776631326 4850.335 543.904 10.361
2456802.817495006 4851.1 544.302 10.642
2456802.837926846 4870.257 544.352 10.658
2456802.858358688 4869.222 544.326 10.645
2456802.878790429 4863.643 544.278 10.631
2456802.89922237 4854.84 544.253 10.616
2456802.919654212 4813.449 544.211 10.596
2456802.940086154 4822.246 544.196 10.586
2456802.960517897 4832.67 544.153 10.559
2456802.980949739 4854.161 544.153 10.543
2456803.001381683 4822.577 544.121 10.507
2456803.021813427 4841.462 544.104 10.486
2456803.04224527 4782.843 544.388 10.719
2456803.062677214 4842.337 544.576 10.809
2456803.083108959 4840.061 544.554 10.796
2456803.103540903 4857.422 544.51 10.766
2456803.123972749 4841.687 544.598 10.643
2456803.144404494 4831.907 544.584 10.632
2456803.16483644 4832.606 544.562 10.616
2456803.185268286 4827.682 544.538 10.602
2456803.205700032 4833.692 544.526 10.585
2456803.226131979 4830.965 544.488 10.563
2456803.246563826 4826.505 544.471 10.548
2456803.266995774 4839.522 544.293 10.639
2456803.287427522 4816.069 544.283 10.621
2456803.30785937 4816.837 544.232 10.613
2456803.328291318 4788.985 544.225 10.592
2456803.348723067 4803.286 544.198 10.572
2456803.369154916 4798.784 544.17 10.558
2456803.389586865 4780.773 544.163 10.527
2456803.410018715 4784.741 544.123 10.516
2456803.430450565 4797.439 544.108 10.493
2456803.450882316 4785.755 544.062 10.486
2456803.471314166 4776.506 544.042 10.466
2456803.491746117 4801.628 544.006 10.436
2456803.512177969 4798.233 543.979 10.424
2456803.532609721 4773.894 544.256 10.616
2456803.553041672 4806.463 544.304 10.631
2456803.573473525 4805.589 544.278 10.602
2456803.593905278 4788.443 544.245 10.601
2456803.614337231 4784.883 544.204 10.576
2456803.634769084 4760.685 544.177 10.566
2456803.655201038 4780.275 544.139 10.529
2456803.675632792 4776.303 544.104 10.514
2456803.696064646 4765.778 544.082 10.478
2456803.716496601 4767.829 544.045 10.463
2456803.736928356 4769.413 544.006 10.424
2456803.757360211 4785.369 543.968 10.409
2456803.777792167 4743.891 544.339 10.655
2456803.798223923 4763.227 544.523 10.594
2456803.818655879 4778.375 544.504 10.585
2456803.839087736 4759.567 544.334 10.651
2456803.859519493 4766.138 544.308 10.64
2456803.879951451 4767.281 544.276 10.6
2456803.900383308 4769.955 544.245 10.606
2456803.920815066 4766.112 544.199 10.574
2456803.941247025 4761.761 544.174 10.562
2456803.961678883 4759.384 544.131 10.535
2456803.982110842 4749.007 544.108 10.509
2456804.002542602 4746.939 544.072 10.49
2456804.022974461 4729.932 544.238 10.583
2456804.043406322 4762.333 544.259 10.598
2456804.063838282 4752.819 544.229 10.58
2456804.084270043 4746.004 544.194 10.559
2456804.104701904 4747.051 544.15 10.543
2456804.125133765 4750.283 544.122 10.527
2456804.145565627 4763.767 544.088 10.492
2456804.165997589 4747.162 544.064 10.473
2456804.186429351 4776.35 544.018 10.442
2456804.206861314 4764.88 543.981 10.427
2456804.227293177 4757.66 543.928 10.387
2456804.247724941 4740.101 543.9 10.362
2456804.268156904 4722.202 544.314 10.636
2456804.288588768 4762.823 544.537 10.578
2456804.309020533 4761.324 544.348 10.655
2456804.329452497 4757.833 544.328 10.649
2456804.349884363 4744.423 544.281 10.615
2456804.370316328 4761.251 544.244 10.609
2456804.390748094 4752.66 544.203 10.578
2456804.41117996 4741.48 544.162 10.557
2456804.431611926 4771.552 544.129 10.517
2456804.452043694 4726.067 544.096 10.493
2456804.47247556 4767.126 544.048 10.466
2456804.492907528 4750.349 543.999 10.427
2456804.513339296 4730.279 544.506 10.772
2456804.533771264 4754.808 544.527 10.792
2456804.554203133 4764.401 544.498 10.767
2456804.574635001 4768.07 544.583 10.624
2456804.595066871 4758.219 544.56 10.605
2456804.61549874 4751.959 544.52 10.582
2456804.63593061 4740.571 544.495 10.572
2456804.65636248 4759.737 544.303 10.635
2456804.676794351 4760.866 544.292 10.617
2456804.697226222 4723.41 544.235 10.601
2456804.717658093 4719.053 544.216 10.581
2456804.738089964 4772.0 544.158 10.552
2456804.758521836 4747.807 544.132 10.532
2456804.778953709 4738.288 544.098 10.482
2456804.799385581 4773.423 544.055 10.476
2456804.819817554 4758.585 544.009 10.424
2456804.840249327 4759.084 543.962 10.403
2456804.860681201 4771.57 543.917 10.366
2456804.881113175 4758.402 543.88 10.343
2456804.901544949 4773.578 543.84 10.294
2456804.921976924 4797.911 543.782 10.274
2456804.942408799 4801.255 543.747 10.223
2456804.962840574 4778.164 543.696 10.208
2456804.98327255 4796.417 543.665 10.158
2456805.003704426 4661.713 544.236 10.576
2456805.024136202 4762.21 544.539 10.595
2456805.044568179 4776.883 544.498 10.567
2456805.065000056 4775.616 544.334 10.651
2456805.085432034 4761.936 544.287 10.63
2456805.105863811 4753.148 544.271 10.606
2456805.126295689 4771.202 544.224 10.576
2456805.146727668 4770.167 544.196 10.572
2456805.167159447 4776.649 544.147 10.531
2456805.187591326 4783.257 544.12 10.514
